0 0 -0.3749374299495594 
0 1 -0.2579699768173515 
0 2 -0.05430119367993804 
0 3 0.24495311078798002 
0 4 0.6400462582517082 
0 5 1.1216771296812655 
0 6 1.6719125268334447 
0 7 2.2669495172914456 
0 8 2.8812147974750304 
0 9 3.4919005272865253 
0 10 4.082870953984663 
0 11 4.647001457181375 
0 12 5.18639475653329 
0 13 5.7104392221827 
0 14 6.232176860872673 
0 15 6.763799657578559 
0 16 7.312221913485512 
0 17 7.875588294597063 
0 18 8.4413353288813 
0 19 8.98611263383493 
0 20 9.477561227009515 
0 21 9.877681408228373 
0 22 10.147315499074468 
0 23 10.251122800657958 
0 24 10.162341842504608 
0 25 9.866635902500358 
0 26 9.364423076602645 
0 27 8.67130986396077 
0 28 7.816556182689033 
0 29 6.839844786139787 
0 30 5.786930930433976 
0 31 4.704931244102123 
0 32 3.6380244062779745 
0 33 2.624177940888342 
0 34 1.6932325707503875 
0 35 0.8663502140200903 
0 36 0.15655332383499912 
0 37 -0.4300799751203461 
0 38 -0.8930214178871819 
0 39 -1.236051874404065 
0 40 -1.4663519055023202 
0 41 -1.5939189246858676 
0 42 -1.6311739512918377 
0 43 -1.5925699631509083 
0 44 -1.4940449815630281 
0 45 -1.3522511263281882 
0 46 -1.183597148651561 
0 47 -1.0032282791505063 
0 48 -0.824107966523427 
0 49 -0.6563538955860628 
1 0 -0.4405556084678949 
1 1 -0.28975181498160835 
1 2 -0.03188253860161704 
1 3 0.34312079899825154 
1 4 0.8344136444162827 
1 5 1.4292039773187124 
1 6 2.104058765855223 
1 7 2.828521770189418 
1 8 3.570384315963524 
1 9 4.301452098873397 
1 10 5.0024508172202875 
1 11 5.665885969895782 
1 12 6.296168889126333 
1 13 6.906989216043046 
1 14 7.516555534999014 
1 15 8.141769665898648 
1 16 8.792556332034065 
1 17 9.467446000291943 
1 18 10.151186182334625 
1 19 10.814745616977817 
1 20 11.417671742425457 
1 21 11.912421571316845 
1 22 12.250029979985625 
1 23 12.386310284623502 
1 24 12.287704792144565 
1 25 11.935933085996302 
1 26 11.330740772485987 
1 27 10.490332980671447 
1 28 9.449454131352732 
1 29 8.255480795455073 
1 30 6.963237308359148 
1 31 5.629438058411546 
1 32 4.307654519764979 
1 33 3.0445025548716655 
1 34 1.8774059637661853 
1 35 0.8339130298935382 
1 36 -0.06777281059921277 
1 37 -0.8175625044404501 
1 38 -1.4120727653737328 
1 39 -1.853424861639612 
1 40 -2.1484208538739957 
1 41 -2.3080510396575264 
1 42 -2.347136348365596 
1 43 -2.283862101809632 
1 44 -2.1390138467530027 
1 45 -1.9348491587661514 
1 46 -1.6936818159904514 
1 47 -1.4363678692245219 
1 48 -1.1809340082331847 
1 49 -0.9415679256650603 
2 0 -0.4870231801397198 
2 1 -0.294279909329841 
2 2 0.027647366979239096 
2 3 0.4897506083295447 
2 4 1.089578917002524 
2 5 1.810117325945856 
2 6 2.6215523507342144 
2 7 3.4858650325684826 
2 8 4.363418162588931 
2 9 5.220094862880751 
2 10 6.033307174963793 
2 11 6.795416622321987 
2 12 7.5137325105761095 
2 13 8.207087824124761 
2 14 8.899790695927692 
2 15 9.61429847257883 
2 16 10.364148894231604 
2 17 11.148517417488032 
2 18 11.949353006626493 
2 19 12.731516235151155 
2 20 13.445826329065293 
2 21 14.034494601603077 
2 22 14.438111367102573 
2 23 14.603167189166955 
2 24 14.489029710043882 
2 25 14.073373865517361 
2 26 13.355285075756129 
2 27 12.355612386712666 
2 28 11.114597272942945 
2 29 9.687263184366387 
2 30 8.137420376799371 
2 31 6.531329845626825 
2 32 4.932030912494643 
2 33 3.395082384988174 
2 34 1.9660708574635095 
2 35 0.6798134299761821 
2 36 -0.439159604257882 
2 37 -1.3754319900158107 
2 38 -2.1214117746282195 
2 39 -2.676321954861057 
2 40 -3.0456105216604588 
2 41 -3.240669581626363 
2 42 -3.2785898312763635 
2 43 -3.181639752089964 
2 44 -2.976244768254395 
2 45 -2.6914089140915087 
2 46 -2.3567085827335004 
2 47 -2.0001339107614133 
2 48 -1.6461168413744331 
2 49 -1.314053907560415 
3 0 -0.5006188552316693 
3 1 -0.2565802251875611 
3 2 0.13994529142181747 
3 3 0.7005021986390302 
3 4 1.420488949995029 
3 5 2.277979273540981 
3 6 3.2360084792199673 
3 7 4.248231181228426 
3 8 5.266929684801895 
3 9 6.251625121695511 
3 10 7.1762637184443365 
3 11 8.03322728416895 
3 12 8.833176291779656 
3 13 9.6007466747583 
3 14 10.3670900288969 
3 15 11.160912301092507 
3 16 11.99988964543386 
3 17 12.88412962983891 
3 18 13.792823663429782 
3 19 14.684573695296217 
3 20 15.501228308388631 
3 21 16.174532114487743 
3 22 16.634523239637502 
3 23 16.818416481283407 
3 24 16.678683150907517 
3 25 16.189182078057723 
3 26 15.348503936928598 
3 27 14.18013582244775 
3 28 12.729573408878224 
3 29 11.059010019259343 
3 30 9.240608574943021 
3 31 7.3495254074434255 
3 32 5.457765496282365 
3 33 3.6296343877012602 
3 34 1.9191017983621448 
3 35 0.36893006382936916 
3 36 -0.9889311773781664 
3 37 -2.132342041266716 
3 38 -3.047965837011328 
3 39 -3.7306409539414025 
3 40 -4.183210355783783 
3 41 -4.416608042657173 
3 42 -4.449830651559677 
3 43 -4.30940345655261 
3 44 -4.028076333106692 
3 45 -3.6427061073137255 
3 46 -3.191522289343525 
3 47 -2.7111592077523867 
3 48 -2.2339174191704605 
3 49 -1.7856751790256378 
4 0 -0.4678680862275306 
4 1 -0.1623139206224529 
4 2 0.3195364577996453 
4 3 0.9893309296562994 
4 4 1.8397923643402572 
4 5 2.843513118822042 
4 6 3.9558004650329748 
4 7 5.121443666127844 
4 8 6.284191656598991 
4 9 7.3968829943124375 
4 10 8.429846225188482 
4 11 9.375517605218281 
4 12 10.248119553061102 
4 13 11.078439902916108 
4 14 11.904899146078863 
4 15 12.76288305486537 
4 16 13.674583264717592 
4 17 14.6413324263837 
4 18 15.639785003889976 
4 19 16.62248429464798 
4 20 17.522562495031302 
4 21 18.261675867959937 
4 22 18.759846149298323 
4 23 18.945678960473693 
4 24 18.765453817962072 
4 25 18.18981259115181 
4 26 17.217186137576178 
4 27 15.873640873940268 
4 28 14.209415646856058 
4 29 12.292947547045543 
4 30 10.203544748694359 
4 31 8.023976207414387 
4 32 5.834090281643246 
4 33 3.7061937914767817 
4 34 1.7024248295276574 
4 35 -0.1261292383231956 
4 36 -1.7391591348445121 
4 37 -3.106421631183842 
4 38 -4.207199970244003 
4 39 -5.030272448982235 
4 40 -5.574376612153358 
4 41 -5.848849723375205 
4 42 -5.873953116539476 
4 43 -5.68039441371041 
4 44 -5.307736694181512 
4 45 -4.801667436360427 
4 46 -4.2104038900679015 
4 47 -3.5807462598919004 
4 48 -2.9543919972151182 
4 49 -2.3650722901267494 
5 0 -0.3779770337821985 
5 1 -5.94600853279831E-4 
5 2 0.576645561635945 
5 3 1.3650175462186431 
5 4 2.3541327190956283 
5 5 3.5107342831553345 
5 6 4.782107758474451 
5 7 6.103944868743705 
5 8 7.411268204986267 
5 9 8.650059172299155 
5 10 9.786862210918208 
5 11 10.814013496193246 
5 12 11.749169548189593 
5 13 12.629188025825174 
5 14 13.499739256130539 
5 15 14.402946552319598 
5 16 15.36566572006286 
5 17 16.39071567461546 
5 18 17.452620932380178 
5 19 18.498460669812644 
5 20 19.45346899092982 
5 21 20.230264637772688 
5 22 20.740094862101287 
5 23 20.904283702531085 
5 24 20.66416671419415 
5 25 19.988136238071945 
5 26 18.87495646591997 
5 27 17.353153382377954 
5 28 15.476933993683252 
5 29 13.319623610482784 
5 30 10.965924930038916 
5 31 8.504336909022902 
5 32 6.020827639496499 
5 33 3.594404076492519 
5 34 1.2946839795332916 
5 35 -0.8189083934178653 
5 36 -2.6970119814635947 
5 37 -4.3000239839660335 
5 38 -5.598213846243398 
5 39 -6.572514029383745 
5 40 -7.215851671386761 
5 41 -7.534554711775801 
5 42 -7.549195871554493 
5 43 -7.294275149533616 
5 44 -6.816372229901689 
5 45 -6.1707555311546605 
5 46 -5.416812150969241 
5 47 -4.612957045039897 
5 48 -3.811812108020489 
5 49 -3.056386987291516 
6 0 -0.22537067091600696 
6 1 0.23307259015525036 
6 2 0.9138804197500321 
6 3 1.8275111322015292 
6 4 2.960194480207497 
6 5 4.27274486769951 
6 6 5.704503614852072 
6 7 7.1822211809183925 
6 8 8.632326187809312 
6 9 9.993953796771958 
6 10 11.229689311488455 
6 11 12.33139453822612 
6 12 13.319627681786455 
6 13 14.236710590865272 
6 14 15.134994199844932 
6 15 16.062920769918872 
6 16 17.05184564794906 
6 17 18.10624651343205 
6 18 19.199085137471148 
6 19 20.272964601551486 
6 20 21.24661518341777 
6 21 22.025351513390817 
6 22 22.5135899844743 
6 23 22.627336618595642 
6 24 22.30473121877649 
6 25 21.513202634400127 
6 26 20.25245947285582 
6 27 18.553291542484125 
6 28 16.472855692942268 
6 29 14.08763766456908 
6 30 11.485524790171906 
6 31 8.758356804829642 
6 32 5.995977581475612 
6 33 3.282286871267788 
6 34 0.6932250531102243 
6 35 -1.703843282161119 
6 36 -3.8501399415070794 
6 37 -5.6956707953842916 
6 38 -7.200162988174203 
6 39 -8.33489437717422 
6 40 -9.085128330107995 
6 41 -9.452514247022638 
6 42 -9.456648710180698 
6 43 -9.13506266384822 
6 44 -8.541190696952505 
6 45 -7.740313173029757 
6 46 -6.803924517974479 
6 47 -5.803347613597216 
6 48 -4.803588703410013 
6 49 -3.8583684196483494 
7 0 -0.011788890850764318 
7 1 0.5343721870278053 
7 2 1.3235039987923212 
7 3 2.364908286284236 
7 4 3.641401954739146 
7 5 5.108156224150874 
7 6 6.697095234615149 
7 7 8.326648761027057 
7 8 9.915178158139916 
7 9 11.395225068771508 
7 10 12.7252691546439 
7 11 13.896115825683628 
7 12 14.930271501339416 
7 13 15.874348814623437 
7 14 16.786193503755985 
7 15 17.719592588880698 
7 16 18.70984143722711 
7 17 19.763085057000993 
7 18 20.851384715624175 
7 19 21.91419153302964 
7 20 22.86564527294399 
7 21 23.6061068914216 
7 22 24.035726590987615 
7 23 24.06769613629458 
7 24 23.63910573438581 
7 25 22.71793216422358 
7 26 21.30549280267668 
7 27 19.4345506478657 
7 28 17.163987070709307 
7 29 14.571437702850405 
7 30 11.745434225314256 
7 31 8.778406403196259 
7 32 5.761444519386345 
7 33 2.781128594097232 
7 34 -0.08185210085369954 
7 35 -2.752999551777278 
7 36 -5.164128395310795 
7 37 -7.254125429945247 
7 38 -8.970843052483485 
7 39 -10.274155564802848 
7 40 -11.13972064389478 
7 41 -11.562611436556827 
7 42 -11.559821131300005 
7 43 -11.170743259862771 
7 44 -10.455082560787652 
7 45 -9.488171849352556 
7 46 -8.354230524204565 
7 47 -7.138555777220364 
7 48 -5.919869747056158 
7 49 -4.763997347143498 
8 0 0.25260494927838983 
8 1 0.8889327064960073 
8 2 1.7860592463517933 
8 3 2.95194660689414 
8 4 4.366262573781417 
8 5 5.97924127267463 
8 6 7.716422353578942 
8 7 9.489059926598866 
8 8 11.208435201008003 
8 9 12.801062058809489 
8 10 14.221268193003961 
8 11 15.458076913548323 
8 12 16.534615373872587 
8 13 17.500067664933326 
8 14 18.41596397927895 
8 15 19.339868401855764 
8 16 20.30999769223213 
8 17 21.333923572818794 
8 18 22.383462306908104 
8 19 23.396457113115087 
8 20 24.28475895059026 
8 21 24.946597101336604 
8 22 25.280883318562513 
8 23 25.20087617926796 
8 24 24.645006424270164 
8 25 23.58340905148512 
8 26 22.019648210344307 
8 27 19.988057052942022 
8 28 17.547859996128768 
8 29 14.77566301736012 
8 30 11.757931116823471 
8 31 8.584752224212444 
8 32 5.345621485558542 
8 33 2.1273229029464504 
8 34 -0.9866026124459669 
8 35 -3.915701717407544 
8 36 -6.58277714605253 
8 37 -8.915219310109071 
8 38 -10.847935581338026 
8 39 -12.327776725254813 
8 40 -13.31882295058577 
8 41 -13.807484465889162 
8 42 -13.80620066518699 
8 43 -13.354646358167907 
8 44 -12.517763170596847 
8 45 -11.380546327176688 
8 46 -10.040188941493168 
8 47 -8.596749766071735 
8 48 -7.143819863032996 
8 49 -5.760639283163151 
9 0 0.5494972855204265 
9 1 1.2727364615328685 
9 2 2.270927455649805 
9 3 3.5507017318492298 
9 4 5.089162304999296 
9 5 6.832751939161502 
9 6 8.702183931644036 
9 7 10.603236445185681 
9 8 12.441608234315579 
9 9 14.138739630564762 
9 10 15.644959617364897 
9 11 16.946754760151535 
9 12 18.066287003499557 
9 13 19.05314585321848 
9 14 19.970177896208195 
9 15 20.876585734236723 
9 16 21.81200216684677 
9 17 22.784857436487265 
9 18 23.7672461499129 
9 19 24.697001785812233 
9 20 25.48617891928676 
9 21 26.033949742035407 
9 22 26.241251302514936 
9 23 26.024448475833648 
9 24 25.325754676161786 
9 25 24.11902649261128 
9 26 22.41060342554078 
9 27 20.23586319047368 
9 28 17.652899400486778 
9 29 14.735068230003048 
9 30 11.564060802459117 
9 31 8.224706659662882 
9 32 4.802044765221034 
9 33 1.380489729763443 
9 34 -1.955661352188318 
9 35 -5.121471888317175 
9 36 -8.031482811741785 
9 37 -10.601569910250296 
9 38 -12.752924148623144 
9 39 -14.41793470225936 
9 40 -15.54716110878931 
9 41 -16.116130167554694 
9 42 -16.130499359697627 
9 43 -15.628261702429695 
9 44 -14.678128279711961 
9 45 -13.373932907026088 
9 46 -11.825702771725764 
9 47 -10.148733929313403 
9 48 -8.452420675858649 
9 49 -6.830604609558048 
10 0 0.854192774842409 
10 1 1.6543355663145431 
10 2 2.739019949781809 
10 3 4.113751647711382 
10 4 5.753958462796533 
10 5 7.603848049494274 
10 6 9.581360062863602 
10 7 11.589035122219313 
10 8 13.52901381545984 
10 9 15.319066465305124 
10 10 16.905986078622078 
10 11 18.27309102072872 
10 12 19.439910779429837 
10 13 20.454005127426637 
10 14 21.376762170124223 
10 15 22.26641310779997 
10 16 23.16204470712746 
10 17 24.07200149915209 
10 18 24.9689214656099 
10 19 25.792086431414543 
10 20 26.456192474913138 
10 21 26.864407631533286 
10 22 26.922915679218935 
10 23 26.554128593174596 
10 24 25.706323842701497 
10 25 24.358446034102066 
10 26 22.519953386087664 
10 27 20.226621676034064 
10 28 17.53392116490306 
10 29 14.509830232814398 
10 30 11.228736298823147 
10 31 7.767502799936882 
10 32 4.2040252002645175 
10 33 0.6178538832570808 
10 34 -2.9081062962447177 
10 35 -6.286094472333578 
10 36 -9.423428844527367 
10 37 -12.224786011983024 
10 38 -14.597179390045019 
10 39 -16.457322528143827 
10 40 -17.740404606388804 
10 41 -18.40879307741861 
10 42 -18.45893885067149 
10 43 -17.92488174820344 
10 44 -16.877257079979437 
10 45 -15.41751243662408 
10 46 -13.667987714952048 
10 47 -11.759362930499982 
10 48 -9.817515154955654 
10 49 -7.951903218711568 
11 0 1.1386471882557436 
11 1 1.9986076476770849 
11 2 3.1473088290970974 
11 3 4.589499915875932 
11 4 6.300067109169168 
11 5 8.222865635489502 
11 6 10.275517381639723 
11 7 12.360026072338005 
11 8 14.377488082103193 
11 9 16.24388010811129 
11 10 17.903326883937293 
11 11 19.335635878320552 
11 12 20.55617470802571 
11 13 21.608012968740187 
11 14 22.54813081353703 
11 15 23.430890421671922 
11 16 24.292517934302968 
11 17 25.139957208687658 
11 18 25.946297949854166 
11 19 26.653396616973783 
11 20 27.180712345816104 
11 21 27.43814049095809 
11 22 27.339988361662503 
11 23 26.8172856912139 
11 24 25.82628055047409 
11 25 24.352034916259917 
11 26 22.407223315583565 
11 27 20.02726687074055 
11 28 17.26357959715395 
11 29 14.176852647394526 
11 30 10.831975190220815 
11 31 7.295519807532816 
11 32 3.6359021084293417 
11 33 -0.07443877254990652 
11 34 -3.7560399805799625 
11 35 -7.3200372120415675 
11 36 -10.667763783159453 
11 37 -13.693297699203834 
11 38 -16.289321065000223 
11 39 -18.355924167097243 
11 40 -19.81125135977189 
11 41 -20.60228889086572 
11 42 -20.713781545528374 
11 43 -20.173352465803667 
11 44 -19.051432938186945 
11 45 -17.455520231062728 
11 46 -15.519387413712678 
11 47 -13.388903357894355 
11 48 -11.206811657147124 
11 49 -9.09897544699477 
12 0 1.3752211726437922 
12 1 2.271396224934926 
12 2 3.4544298599772043 
12 3 4.92878579976516 
12 4 6.6700831254153 
12 5 8.623897063169888 
12 6 10.710237883490628 
12 7 12.833592151432338 
12 8 14.89691259537438 
12 9 16.816697178752523 
12 10 18.535729363554125 
12 11 20.030400235466093 
12 12 21.310754421468992 
12 13 22.41316905080032 
12 14 23.387387282524728 
12 15 24.280977246753178 
12 16 25.12482057105836 
12 17 25.922850780595343 
12 18 26.648117707464404 
12 19 27.245692357562394 
12 20 27.641362241153423 
12 21 27.75387311967509 
12 22 27.5078967224828 
12 23 26.845024191514007 
12 24 25.730811669156243 
12 25 24.157013244306288 
12 26 22.139330801589765 
12 27 19.71199727979643 
12 28 16.921072647923783 
12 29 13.818378972363433 
12 30 10.457577366798104 
12 31 6.893149040098621 
12 32 3.1821920779528994 
12 33 -0.6118153821092045 
12 34 -4.414659228567899 
12 35 -8.138025602341084 
12 36 -11.678599786276257 
12 37 -14.920690205467416 
12 38 -17.742798375625522 
12 39 -20.027764934472003 
12 40 -21.675297461253685 
12 41 -22.614978383749428 
12 42 -22.817433443505767 
12 43 -22.30136726572878 
12 44 -21.1347199382046 
12 45 -19.429214307143223 
12 46 -17.328847448570496 
12 47 -14.994121610196935 
12 48 -12.584680213859922 
12 49 -10.243273788030452 
13 0 1.5404226195837734 
13 1 2.4441377167443923 
13 2 3.62628310132239 
13 3 5.091527071893645 
13 4 6.817504599388645 
13 5 8.753597118621544 
13 6 10.8249566490898 
13 7 12.94168789413146 
13 8 15.01171652126766 
13 9 16.95471171728831 
13 10 18.713893372735143 
13 11 20.262868172682186 
13 12 21.60576941052636 
13 13 22.77062179677761 
13 14 23.797545653459398 
13 15 24.72467365204658 
13 16 25.57513943168861 
13 17 26.34811162692282 
13 18 27.015738909327023 
13 19 27.526374123465708 
13 20 27.812963682897923 
13 21 27.80438658775786 
13 22 27.437043110202083 
13 23 26.6641922897443 
13 24 25.461314459314135 
13 25 23.82689249175003 
13 26 21.779161225395114 
13 27 19.350282206874894 
13 28 16.579861987810887 
13 29 13.509679954716578 
13 30 10.180993943499661 
13 31 6.635014992075842 
13 32 2.9162918687946813 
13 33 -0.9219930039767803 
13 34 -4.81231421057487 
13 35 -8.668377355487788 
13 36 -12.383561392129163 
13 37 -15.83341192529551 
13 38 -18.882713678587606 
13 39 -21.396826933563332 
13 40 -23.256047581547122 
13 41 -24.370907612605485 
13 42 -24.69577998794753 
13 43 -24.238089742576086 
13 44 -23.060979742353204 
13 45 -21.278398597104882 
13 46 -19.04305191468407 
13 47 -16.52912793307391 
13 48 -13.912780961432789 
13 49 -11.353734619499422 
14 0 1.617900859959799 
14 1 2.497559157405465 
14 2 3.6405177957797368 
14 3 5.052071228914809 
14 4 6.713020762132186 
14 5 8.578462189359179 
14 6 10.581260430302638 
14 7 12.640146012533867 
14 8 14.671125629403491 
14 9 16.599854951698934 
14 10 18.372136484393653 
14 11 19.95998913735017 
14 12 21.36176040992882 
14 13 22.596244222582794 
14 14 23.692298165687045 
14 15 24.676580671555044 
14 16 25.562439423756516 
14 17 26.342587594342106 
14 18 26.98714910521566 
14 19 27.44725584865524 
14 20 27.663024525587666 
14 21 27.57377201807305 
14 22 27.127962171003116 
14 23 26.29065937254948 
14 24 25.047074076279277 
14 25 23.401877617975913 
14 26 21.37504176324804 
14 27 18.995754915549185 
14 28 16.296311454615356 
14 29 13.307725318144858 
14 30 10.05827134971859 
14 31 6.5753781818813275 
14 32 2.890476640535954 
14 33 -0.9542910299124182 
14 34 -4.899070686633724 
14 35 -8.860778145390274 
14 36 -12.730756814386407 
14 37 -16.376938814246508 
14 38 -19.65119288478076 
14 39 -22.40165479170269 
14 40 -24.488802451973054 
14 41 -25.80303943591686 
14 42 -26.2808362572448 
14 43 -25.916303995825807 
14 44 -24.765603951705305 
14 45 -22.94281380046511 
14 46 -20.607539455049803 
14 47 -17.946272449015268 
14 48 -15.150783144056756 
14 49 -12.397352952985202 
15 0 1.6001402268230154 
15 1 2.423750117838686 
15 2 3.4890403332978797 
15 3 4.8022103198073 
15 4 6.348119823386611 
15 5 8.089130903757914 
15 6 9.96798728148455 
15 7 11.914675008144298 
15 8 13.856130557721485 
15 9 15.726758404480217 
15 10 17.4773062445479 
15 11 19.07990752324119 
15 12 20.528011195650187 
15 13 21.831234090652107 
15 14 23.006507903599708 
15 15 24.067855219104253 
15 16 25.017440790852273 
15 17 25.840132751564045 
15 18 26.50281569247268 
15 19 26.95842364384692 
15 20 27.153464796969242 
15 21 27.03700412169295 
15 22 26.568840793129198 
15 23 25.724984907301057 
15 24 24.499365007909436 
15 25 22.901737747161306 
15 26 20.952741462621486 
15 27 18.677697835666766 
15 28 16.10098529228545 
15 29 13.24257793127751 
15 30 10.117769013120027 
15 31 6.74034481358394 
15 32 3.128712481056619 
15 33 -0.6861570627213648 
15 34 -4.652559971397441 
15 35 -8.691476890022644 
15 36 -12.693366200311097 
15 37 -16.519820777613408 
15 38 -20.01096410900802 
15 39 -22.998541752941655 
15 40 -25.32352161864955 
15 41 -26.855850567050126 
15 42 -27.513120725434447 
15 43 -27.274591064440667 
15 44 -26.18750409067966 
15 45 -24.363940290050714 
15 46 -21.968311986334164 
15 47 -19.19755153267744 
15 48 -16.257564590517294 
15 49 -13.340177237485868 
16 0 1.4886198892379368 
16 1 2.2263066328136767 
16 2 3.1781578809910753 
16 3 4.351368280625542 
16 4 5.735401718057594 
16 5 7.30094695173294 
16 6 9.002205331529066 
16 7 10.782450104913854 
16 8 12.581895863992537 
16 9 14.346168050362635 
16 10 16.033334369198663 
16 11 17.61770778648595 
16 12 19.089426665974333 
16 13 20.449946115858364 
16 14 21.704699704819518 
16 15 22.854969182531356 
16 16 23.891197151176993 
16 17 24.78954255340575 
16 18 25.51255278384008 
16 19 26.01368967760703 
16 20 26.244426788995593 
16 21 26.162008179858926 
16 22 25.73587470294842 
16 23 24.951214445958634 
16 24 23.80892678989143 
16 25 22.322259570209432 
16 26 20.511224282693053 
16 27 18.39641102970211 
16 28 15.993917784724944 
16 29 13.312803568458673 
16 30 10.355891302465562 
16 31 7.124041314981205 
16 32 3.6233317638019824 
16 33 -0.125991742049824 
16 34 -4.080357775179605 
16 35 -8.165315202121866 
16 36 -12.271447254295964 
16 37 -16.25540109075438 
16 38 -19.947122077301884 
16 39 -23.16344609248257 
16 40 -25.726960454179693 
16 41 -27.487710994426884 
16 42 -28.344251172454744 
16 43 -28.2600742126531 
16 44 -27.27191056903636 
16 45 -25.487742568644027 
16 46 -23.074420437701495 
16 47 -20.23694844043039 
16 48 -17.193247815533738 
16 49 -14.149012060683729 
17 0 1.2925665825510537 
17 1 1.91869712084981 
17 2 2.726524654684917 
17 3 3.724132304605365 
17 4 4.905752361599809 
17 5 6.250899069772863 
17 6 7.7261112249697925 
17 7 9.2892270394473 
17 8 10.895392023413113 
17 9 12.503412987864936 
17 10 14.080836728731553 
17 11 15.606373697030449 
17 12 17.068973717599757 
17 13 18.463803881460567 
17 14 19.78628997074297 
17 15 21.02597269148928 
17 16 22.16200785735657 
17 17 23.161677665340893 
17 18 23.982419684638334 
17 19 24.57688148932902 
17 20 24.89966598148348 
17 21 24.913982769463203 
17 22 24.596478181698856 
17 23 23.939044352308763 
17 24 22.94723936047272 
17 25 21.63584461051552 
17 26 20.02280284985716 
17 27 18.123152160170534 
17 28 15.944542658113242 
17 29 13.485551375426189 
17 30 10.737429184843325 
17 31 7.689269531719214 
17 32 4.335993024618464 
17 33 0.6880457145392557 
17 34 -3.2186816907518008 
17 35 -7.314488450566779 
17 36 -11.490958049502698 
17 37 -15.601300934085081 
17 38 -19.467248249913425 
17 39 -22.892868096191787 
17 40 -25.684352637828145 
17 41 -27.673338585983586 
17 42 -28.740059383308175 
17 43 -28.832018626042952 
17 44 -27.97424388906386 
17 45 -26.26858898701092 
17 46 -23.881728088670382 
17 47 -21.02387517443577 
17 48 -17.922207926051858 
17 49 -14.793935397328877 
18 0 1.0267236943521187 
18 1 1.5213788926446188 
18 2 2.1615295769180753 
18 3 2.9558738733874557 
18 4 3.9032178332993133 
18 5 4.991842686075992 
18 6 6.200778977715094 
18 7 7.502884140272183 
18 8 8.86907072496006 
18 9 10.27260155871445 
18 10 11.692226912829963 
18 11 13.113179042099942 
18 12 14.525625856307567 
18 13 15.920954517953836 
18 14 17.286965162522588 
18 15 18.603466736594324 
18 16 19.83973219823991 
18 17 20.954782975467484 
18 18 21.900672982556802 
18 19 22.628070984973576 
18 20 23.092758891425444 
18 21 23.26137428542423 
18 22 23.114908878576724 
18 23 22.649069576257972 
18 24 21.87143660342462 
18 25 20.79617655287729 
18 26 19.437667718275282 
18 27 17.804634702652578 
18 28 15.896250137282593 
18 29 13.701230984259164 
18 30 11.200381013452352 
18 31 8.372449441313867 
18 32 5.202671925411593 
18 33 1.6929475470932625 
18 34 -2.1277443709784087 
18 35 -6.1943863585269785 
18 36 -10.400329980712746 
18 37 -14.596960586329052 
18 38 -18.6001130033545 
18 39 -22.203830740658088 
18 40 -25.200688257000927 
18 41 -27.406285754742857 
18 42 -28.684097195405997 
18 43 -28.96609031028317 
18 44 -28.26481653863357 
18 45 -26.6740818713497 
18 46 -24.357584984237434 
18 47 -21.527465171086135 
18 48 -18.416830564237245 
18 49 -15.25144420794664 
19 0 0.7087169233054084 
19 1 1.0583979559456076 
19 2 1.515024604921954 
19 3 2.0875309776813356 
19 4 2.7788161044527073 
19 5 3.585386021675337 
19 6 4.498249798000615 
19 7 5.504937165200355 
19 8 6.592114102780957 
19 9 7.747985121735367 
19 10 8.963615023833508 
19 11 10.232541885412589 
19 12 11.548548954437424 
19 13 12.902076710375434 
19 14 14.276287718264193 
19 15 15.644054494604541 
19 16 16.96701144542449 
19 17 18.197306748949064 
19 18 19.281945356456585 
19 19 20.16885079562906 
19 20 20.813225548441427 
19 21 21.182630058139907 
19 22 21.25948435297177 
19 23 21.040344620399587 
19 24 20.532132070982723 
19 25 19.74625845306702 
19 26 18.692096520209265 
19 27 17.371373271447027 
19 28 15.774829419790837 
19 29 13.882004125619506 
19 30 11.664429825827376 
19 31 9.091994958884305 
19 32 6.141815416391487 
19 33 2.8086295480383257 
19 34 -0.8845654859198225 
19 35 -4.87722415603316 
19 36 -9.065166682153961 
19 37 -13.299638527379086 
19 38 -17.393156498593996 
19 39 -21.132940252477884 
19 40 -24.30134483603917 
19 41 -26.701016276352053 
19 42 -28.180928450691756 
19 43 -28.658552465642515 
19 44 -28.133580386839306 
19 45 -26.69000143341259 
19 46 -24.4856509109467 
19 47 -21.731023482254415 
19 48 -18.66141838387601 
19 49 -15.507729017149272 
20 0 0.35658607112296703 
20 1 0.5541962674896852 
20 2 0.8192906311624679 
20 3 1.1606328891389568 
20 4 1.5845540836749668 
20 5 2.094883864994348 
20 6 2.693555222423634 
20 7 3.3817256810822633 
20 8 4.161004989469204 
20 9 5.034214593929521 
20 10 6.005117979388315 
20 11 7.076793664092411 
20 12 8.248736905174665 
20 13 9.513256635551036 
20 14 10.852119426889415 
20 15 12.234529875358675 
20 16 13.617341074392156 
20 17 14.947879373270016 
20 18 16.16907244859109 
20 19 17.225890190403163 
20 20 18.071656095842886 
20 21 18.67271595918271 
20 22 19.010301829863252 
20 23 19.079113908977295 
20 24 18.882968523371826 
20 25 18.42859178911726 
20 26 17.719077267513455 
20 27 16.74857430526453 
20 28 15.499462424665449 
20 29 13.942731693695036 
20 30 12.041706355810769 
20 31 9.758760778555832 
20 32 7.064334927590384 
20 33 3.947317147784711 
20 34 0.42563175999837116 
20 35 -3.44441666961698 
20 36 -7.561796884005301 
20 37 -11.77932755347241 
20 38 -15.90890736346542 
20 39 -19.734373760992177 
20 40 -23.03161730967739 
20 41 -25.59385073075284 
20 42 -27.258271202696942 
20 43 -27.929316670897443 
20 44 -27.59376280294247 
20 45 -26.32420304950178 
20 46 -24.269763800263007 
20 47 -21.635634963819413 
20 48 -18.65537973716333 
20 49 -15.561357275106516 
21 0 -0.013098597192148636 
21 1 0.031161418655837433 
21 2 0.10390932147822869 
21 3 0.21338307085381755 
21 4 0.36862134952301534 
21 5 0.5796669240932759 
21 6 0.8579485291501311 
21 7 1.2166714450911569 
21 8 1.6709097089713505 
21 9 2.237025719458287 
21 10 2.9311053476736384 
21 11 3.766313084008114 
21 12 4.749410362613818 
21 13 5.877050487526281 
21 14 7.132738577668329 
21 15 8.485403048129257 
21 16 9.890297450992783 
21 17 11.292456636356723 
21 18 12.632282540284402 
21 19 13.852214201495158 
21 20 14.903039831288085 
21 21 15.748380823896609 
21 22 16.366258236163716 
21 23 16.747354014732203 
21 24 16.89040889345369 
21 25 16.795918556217373 
21 26 16.459697447193932 
21 27 15.867879349992345 
21 28 14.994555337447835 
21 29 13.80266509143746 
21 30 12.248152710540829 
21 31 10.286927913284515 
21 32 7.883890308791157 
21 33 5.023118626948955 
21 34 1.7181772328717888 
21 35 -1.9787465043422694 
21 36 -5.970475467208994 
21 37 -10.113086328230546 
21 38 -14.220516004226942 
21 39 -18.076642125533265 
21 40 -21.454681094486318 
21 41 -24.14203773177729 
21 42 -25.967026307995827 
21 43 -26.82273300314627 
21 44 -26.683198047246808 
21 45 -25.608268673552267 
21 46 -23.735710711841513 
21 47 -21.261891638121273 
21 48 -18.414795505891995 
21 49 -15.42461030259974 
22 0 -0.3863425673752205 
22 1 -0.4918323056994974 
22 2 -0.6061422805613875 
22 3 -0.7218022337228314 
22 4 -0.8277481590607262 
22 5 -0.9088963942156202 
22 6 -0.9459443857495686 
22 7 -0.9155623355678612 
22 8 -0.7911844686750499 
22 9 -0.5446058541667634 
22 10 -0.1485046008470701 
22 11 0.4201766710528643 
22 12 1.1763214791692815 
22 13 2.1228144869016248 
22 14 3.247613522580467 
22 15 4.522552236649875 
22 16 5.904485303449224 
22 17 7.33893052903103 
22 18 8.765760495223578 
22 19 10.1259116630019 
22 20 11.36769700410759 
22 21 12.451277155646615 
22 22 13.350216340859339 
22 23 14.049747448640188 
22 24 14.542207029520569 
22 25 14.820831909633522 
22 26 14.873520262498783 
22 27 14.67814392277752 
22 28 14.200593276097628 
22 29 13.396104282158946 
22 30 12.213775593265728 
22 31 10.60370892052539 
22 32 8.52596186410132 
22 33 5.96042412104555 
22 34 2.916670366895387 
22 35 -0.557323286394466 
22 36 -4.369006082336406 
22 37 -8.379313197822233 
22 38 -12.406668539885725 
22 39 -16.238131297731815 
22 40 -19.647742179798364 
22 41 -22.42048402295969 
22 42 -24.37854670916902 
22 43 -25.40534619161563 
22 44 -25.462509547520774 
22 45 -24.596050702493216 
22 46 -22.930069987968185 
22 47 -20.648975343713495 
22 48 -17.971692747515828 
22 49 -15.12290780149918 
23 0 -0.7520852487878634 
23 1 -0.9999253189876905 
23 2 -1.2912067581416113 
23 3 -1.6193202936212805 
23 4 -1.9717397886311538 
23 5 -2.3294514485147233 
23 6 -2.6669287032552513 
23 7 -2.9527880566583824 
23 8 -3.1512347032962063 
23 9 -3.224361228535635 
23 10 -3.1352788473466338 
23 11 -2.8519220595717125 
23 12 -2.3511769352941934 
23 13 -1.6227751051640333 
23 14 -0.6722374837024325 
23 15 0.4778722830882469 
23 16 1.7889465418871735 
23 17 3.2097507118929847 
23 18 4.681874175451889 
23 19 6.146263772622556 
23 20 7.549486690891199 
23 21 8.848293273954326 
23 22 10.011375356270197 
23 23 11.017889267093327 
23 24 11.853155720221968 
23 25 12.50271029648106 
23 26 12.946323320995722 
23 27 13.153606733588038 
23 28 13.082403345467315 
23 29 12.680478655937003 
23 30 11.890344986753805 
23 31 10.65654705962618 
23 32 8.934513270082839 
23 33 6.7000663223349255 
23 34 3.958727066964556 
23 35 0.7538714666865705 
23 36 -2.827444912629985 
23 37 -6.652487117743317 
23 38 -10.546272909565142 
23 39 -14.301684335995827 
23 40 -17.69651438715975 
23 41 -20.51617337922701 
23 42 -22.579083153250085 
23 43 -23.760478803367157 
23 44 -24.009950744488656 
23 45 -23.35888427416533 
23 46 -21.915888839212958 
23 47 -19.850865069420735 
23 48 -17.370812452682888 
23 49 -14.692133443654196 
24 0 -1.101996546772866 
24 1 -1.4820497722735857 
24 2 -1.9367493996593335 
24 3 -2.4602887230044193 
24 4 -3.039083812825382 
24 5 -3.651154774611035 
24 6 -4.26629467016657 
24 7 -4.847107069404918 
24 8 -5.350914585689763 
24 9 -5.732477454883956 
24 10 -5.947404356940846 
24 11 -5.95606391023693 
24 12 -5.72769340391413 
24 13 -5.244253969300031 
24 14 -4.503439395292968 
24 15 -3.520184079688552 
24 16 -2.3261161680996367 
24 17 -0.966711819272775 
24 18 0.5036009827082983 
24 19 2.027580408091809 
24 20 3.5512926106657323 
24 21 5.028803307599502 
24 22 6.424271789984485 
24 23 7.7109085242353315 
24 24 8.867103786630803 
24 25 9.870840001238031 
24 26 10.694003828492633 
24 27 11.29825431877704 
24 28 11.63368436408901 
24 29 11.64080103586428 
24 30 11.2556041302019 
24 31 10.4169987179141 
24 32 9.075552185596816 
24 33 7.202649776204761 
24 34 4.7992388142997795 
24 35 1.903381553154983 
24 36 -1.4043407281648508 
24 37 -4.998838561099612 
24 38 -8.71340585656025 
24 39 -12.348748184811853 
24 40 -15.68858385965913 
24 41 -18.52086260192282 
24 42 -20.66200872492405 
24 43 -21.980239953222416 
24 44 -22.41348011435583 
24 45 -21.97800332496198 
24 46 -20.76567764395331 
24 47 -18.930087292366387 
24 48 -16.664223036990826 
24 49 -14.174147489488998 
25 0 -1.4299618850478075 
25 1 -1.930294989613405 
25 2 -2.532625179290429 
25 3 -3.231765177644317 
25 4 -4.013316566026424 
25 5 -4.853107095906217 
25 6 -5.717593313666122 
25 7 -6.565230797835524 
25 8 -7.348698862183841 
25 9 -8.0178061792513 
25 10 -8.522895117953208 
25 11 -8.818569515165661 
25 12 -8.867543122130463 
25 13 -8.644312161778672 
25 14 -8.13821042038856 
25 15 -7.35527933955233 
25 16 -6.31838116542736 
25 17 -5.065186134962733 
25 18 -3.6440896143598622 
25 19 -2.1086738436892434 
25 20 -0.5118430980231271 
25 21 1.0989776649069958 
25 22 2.6843333792524056 
25 23 4.212235755515077 
25 24 5.654825704487323 
25 25 6.983215316176848 
25 26 8.162101573977095 
25 27 9.145847274647805 
25 28 9.877328256211516 
25 29 10.290109425951485 
25 30 10.313709953657508 
25 31 9.88112068342619 
25 32 8.93749361940084 
25 33 7.44900359243153 
25 34 5.411103627067943 
25 35 2.8555288469030797 
25 36 -0.14469486056633762 
25 37 -3.4732754622506525 
25 38 -6.973018992283515 
25 39 -10.453771203155624 
25 40 -13.706529852761228 
25 41 -16.52308319695619 
25 42 -18.718970926571618 
25 43 -20.1561783707612 
25 44 -20.761304894622487 
25 45 -20.535358234799993 
25 46 -19.552837167826457 
25 47 -17.95001023870085 
25 48 -15.904644563474896 
25 49 -13.61120772512628 
26 0 -1.7314837618606949 
26 1 -2.339144627670564 
26 2 -3.0721485417306407 
26 3 -3.9256689852457307 
26 4 -4.884603715229988 
26 5 -5.923165524242091 
26 6 -7.005565856092821 
26 7 -8.087694823984922 
26 8 -9.119560259370797 
26 9 -10.048206230429688 
26 10 -10.820886767002614 
26 11 -11.388370349832398 
26 12 -11.70831293584324 
26 13 -11.748593773935045 
26 14 -11.49034884043117 
26 15 -10.930229485593754 
26 16 -10.081285708593288 
26 17 -8.971953204987937 
26 18 -7.642970809566886 
26 19 -6.142610921383861 
26 20 -4.52119220764665 
26 21 -2.826225031704289 
26 22 -1.0995194899233238 
26 23 0.6228974074587212 
26 24 2.3080358681260944 
26 25 3.921251738882373 
26 26 5.421153344467288 
26 27 6.75583330123507 
26 28 7.861797517413461 
26 29 8.666218422214873 
26 30 9.09228940079558 
26 31 9.066802676688134 
26 32 8.528797356205182 
26 33 7.438220682717283 
26 34 5.783832342252212 
26 35 3.589806370217553 
26 36 0.9204649437824339 
26 37 -2.1176900747050174 
26 38 -5.377800437996933 
26 39 -8.679536463420623 
26 40 -11.821768804877282 
26 41 -14.600666336600892 
26 42 -16.831386644694533 
26 43 -18.37012466070944 
26 44 -19.132492304599438 
26 45 -19.104413491953828 
26 46 -18.34301129598348 
26 47 -16.967037767469996 
26 48 -15.13866886491417 
26 49 -13.040297456349577 
27 0 -2.0031534995979516 
27 1 -2.704774246930848 
27 2 -3.5511896534237475 
27 3 -4.5376598906902 
27 4 -5.648404642874305 
27 5 -6.856425107126281 
27 6 -8.124510504145585 
27 7 -9.407220837588122 
27 8 -10.653478735685 
27 9 -11.809388474126226 
27 10 -12.821028501084921 
27 11 -13.637163297149476 
27 12 -14.211975692047723 
27 13 -14.507927070957344 
27 14 -14.498675019876758 
27 15 -14.17168248363495 
27 16 -13.529891615236068 
27 17 -12.591782246366037 
27 18 -11.389395888796294 
27 19 -9.964453014351507 
27 20 -8.363348977909505 
27 21 -6.6323194172284605 
27 22 -4.814178022071911 
27 23 -2.947641463667225 
27 24 -1.069458425463402 
27 25 0.7813817128996959 
27 26 2.558829411197562 
27 27 4.20608594831243 
27 28 5.654492608991123 
27 29 6.825713146649245 
27 30 7.637042209715861 
27 31 8.008963983649155 
27 32 7.873766582752082 
27 33 7.184107232635277 
27 34 5.920747681628732 
27 35 4.098972052828131 
27 36 1.773246575386481 
27 37 -0.9605566291974088 
27 38 -3.966398622834934 
27 39 -7.073952295102481 
27 40 -10.08995292425199 
27 41 -12.814902355156276 
27 42 -15.063619216933928 
27 43 -16.686721125363896 
27 44 -17.58922798529655 
27 45 -17.742508287667675 
27 46 -17.186880839539135 
27 47 -16.024094387060856 
27 48 -14.40110378662599 
27 49 -12.4884046182156 
28 0 -2.242260717345438 
28 1 -3.024491288368161 
28 2 -3.967394360361934 
28 3 -5.066086503532002 
28 4 -6.304104941939497 
28 5 -7.653508674678048 
28 6 -9.076232903841529 
28 7 -10.526372631338095 
28 8 -11.952898341926296 
28 9 -13.302322437528156 
28 10 -14.521037726189267 
28 11 -15.557348759394717 
28 12 -16.36346532916394 
28 13 -16.897784713800306 
28 14 -17.127595371063144 
28 15 -17.031953878273995 
28 16 -16.604094499788417 
28 17 -15.852542082744018 
28 18 -14.800266558008675 
28 19 -13.481745027246607 
28 20 -11.938516258499936 
28 21 -10.21443715080732 
28 22 -8.35209822441161 
28 23 -6.391573376485607 
28 24 -4.3719263601441005 
28 25 -2.3349308156055297 
28 26 -0.32963956868129596 
28 27 1.5839291976561198 
28 28 3.3335066611008406 
28 29 4.8365110288538435 
28 30 6.005137523227685 
28 31 6.753778170480551 
28 32 7.007579905118242 
28 33 6.711008441486642 
28 34 5.8356139871257895 
28 35 4.386523723306355 
28 36 2.407281092866871 
28 37 -0.01755448139139104 
28 38 -2.7629942048191976 
28 39 -5.668552167658853 
28 40 -8.548439660125815 
28 41 -11.207094694679057 
28 42 -13.45880221231527 
28 43 -15.148755050680332 
28 44 -16.17192661547481 
28 45 -16.48600980555796 
28 46 -16.115593409727477 
28 47 -15.146512176348995 
28 48 -13.711432288641662 
28 49 -11.969601806398794 
29 0 -2.446542291670082 
29 1 -3.2963216090388188 
29 2 -4.319537841884882 
29 3 -5.511025460746683 
29 4 -6.853655865124316 
29 5 -8.318729450693663 
29 6 -9.867677907644394 
29 7 -11.454642517310413 
29 8 -13.029308193519666 
29 9 -14.539416431602461 
29 10 -15.932651462897384 
29 11 -17.15798680303832 
29 12 -18.166917267657354 
29 13 -18.91511139689077 
29 14 -19.364817054688977 
29 15 -19.487898184609268 
29 16 -19.268867540706882 
29 17 -18.706961109137872 
29 18 -17.81637024594291 
29 19 -16.624243971975375 
29 20 -15.166837945811654 
29 21 -13.484917547831552 
29 22 -11.619901347616047 
29 23 -9.612063189079342 
29 24 -7.501419988471817 
29 25 -5.330961135787072 
29 26 -3.150989587959692 
29 27 -1.0228794838777842 
29 28 0.9793253418126886 
29 29 2.770415011051617 
29 30 4.258685650086737 
29 31 5.353065942521878 
29 32 5.971561680117895 
29 33 6.049887292183118 
29 34 5.549450349308959 
29 35 4.464182975141107 
29 36 2.8258317058920763 
29 37 0.7071370232649334 
29 38 -1.7780198468438484 
29 39 -4.47866530180502 
29 40 -7.215956384946368 
29 41 -9.797787357260479 
29 42 -12.03772511857791 
29 43 -13.775818829220247 
29 44 -14.897791624280941 
29 45 -15.348892139905788 
29 46 -15.139461951807434 
29 47 -14.340920306203708 
29 48 -13.072931040293122 
29 49 -11.484400274762448 
30 0 -2.6140414459222727 
30 1 -3.5187145122954457 
30 2 -4.606992519240294 
30 3 -5.873411170539428 
30 4 -7.300253741027022 
30 5 -8.858208627809452 
30 6 -10.50839046890242 
30 7 -12.20519581535698 
30 8 -13.89926394809349 
30 9 -15.53987674514496 
30 10 -17.076458599341652 
30 11 -18.45931064482674 
30 12 -19.64013271195844 
30 13 -20.573050067533114 
30 14 -21.216663033884863 
30 15 -21.537127491839286 
30 16 -21.511659373059715 
30 17 -21.131418635920618 
30 18 -20.402700948281122 
30 19 -19.34581759973806 
30 20 -17.99183318316952 
30 21 -16.37814835544885 
30 22 -14.544415140450312 
30 23 -12.530221675828477 
30 24 -10.375369629835111 
30 25 -8.122611458896984 
30 26 -5.8217799309598535 
30 27 -3.5336824415467234 
30 28 -1.3321435436586038 
30 29 0.6968769465606629 
30 30 2.4593294986816114 
30 31 3.8597329929890494 
30 32 4.809417961187876 
30 33 5.2352592144865575 
30 34 5.08803277312891 
30 35 4.349821330580627 
30 36 3.040005064066795 
30 37 1.2192130143857678 
30 38 -1.0097206671296703 
30 39 -3.504984177899854 
30 40 -6.09422250815599 
30 41 -8.588467657590005 
30 42 -10.800624599340543 
30 43 -12.566182216254521 
30 44 -13.762747743272113 
30 45 -14.324697275815678 
30 46 -14.249913669501186 
30 47 -13.597136318542457 
30 48 -12.47445781300435 
30 49 -11.021391439772573 
31 0 -2.743047451726808 
31 1 -3.6903445763350646 
31 2 -4.829307272714199 
31 3 -6.154286827590543 
31 4 -7.647142074162123 
31 5 -9.278103257310685 
31 6 -11.008054309252527 
31 7 -12.791633166145997 
31 8 -14.580332297436065 
31 9 -16.324853429668455 
31 10 -17.9763357913485 
31 11 -19.486612438411957 
31 12 -20.80813762538066 
31 13 -21.894445577377432 
31 14 -22.701818844536085 
31 15 -23.192302467317788 
31 16 -23.3375087925683 
31 17 -23.122119365985657 
31 18 -22.545868867888768 
31 19 -21.623192134931685 
31 20 -20.380506771692794 
31 21 -18.851984995391636 
31 22 -17.07527504436572 
31 23 -15.088699145613916 
31 24 -12.930932485419639 
31 25 -10.643247460819891 
31 26 -8.27344154530595 
31 27 -5.879918409326225 
31 28 -3.5342843479955945 
31 29 -1.3212550305974706 
31 30 0.6645684233128735 
31 31 2.324713104321405 
31 32 3.5647691204361176 
31 33 4.303218728506293 
31 34 4.480266941500368 
31 35 4.065997340852768 
31 36 3.0672585667505397 
31 37 1.5325361815657548 
31 38 -0.4462301172033208 
31 39 -2.736118623828319 
31 40 -5.171035495483535 
31 41 -7.56517887343132 
31 42 -9.731262482712141 
31 43 -11.50122719398379 
31 44 -12.746090412278614 
31 45 -13.3912388556091 
31 46 -13.424086887240177 
31 47 -12.892509238826317 
31 48 -11.89442089822822 
31 49 -10.560757749707534 
32 0 -2.832102321226252 
32 1 -3.81001222071264 
32 2 -4.9859281224875796 
32 3 -6.354251352844019 
32 4 -7.8966747145973475 
32 5 -9.58316735309232 
32 6 -11.374435999136553 
32 7 -13.225220117846117 
32 8 -15.087540863745112 
32 9 -16.913090671576494 
32 10 -18.654332957770116 
32 11 -20.264456459434562 
32 12 -21.696871085077788 
32 13 -22.90520146813323 
32 14 -23.844582864251983 
32 15 -24.474515994116462 
32 16 -24.762798630006237 
32 17 -24.68943450532027 
32 18 -24.249211491168936 
32 19 -23.451970755367068 
32 20 -22.320359999243465 
32 21 -20.885782871480767 
32 22 -19.183951654431528 
32 23 -17.25162997930528 
32 24 -15.125731093886722 
32 25 -12.845071721568766 
32 26 -10.454102442091704 
32 27 -8.00720660414939 
32 28 -5.571928520987895 
32 29 -3.2297966546759005 
32 30 -1.0740804242337854 
32 31 0.7954239909898474 
32 32 2.2799088548908406 
32 33 3.2904418816251986 
32 34 3.7573101430245237 
32 35 3.6390229836887604 
32 36 2.9302063046933347 
32 37 1.667474201944719 
32 38 -0.06788359231925097 
32 39 -2.1516911904577083 
32 40 -4.424207164984313 
32 41 -6.703274844914384 
32 42 -8.802395151678606 
32 43 -10.551459369891104 
32 44 -11.816817427944208 
32 45 -12.517008927830735 
32 46 -12.631071185525565 
32 47 -12.197778944102465 
32 48 -11.306089371676284 
32 49 -10.078921821201252 
33 0 -2.880075905205537 
33 1 -3.8766630017674 
33 2 -5.0761104888846065 
33 3 -6.473196731123918 
33 4 -8.049795150159627 
33 5 -9.775878867094699 
33 6 -11.612060956953423 
33 7 -13.51301801665566 
33 8 -15.430884434778475 
33 9 -17.317753270854066 
33 10 -19.126797596481506 
33 11 -20.81211698553152 
33 12 -22.327992454879556 
33 13 -23.628550269762407 
33 14 -24.668726351421864 
33 15 -25.406894371364057 
33 16 -25.808764705232853 
33 17 -25.85148999903191 
33 18 -25.52662767303049 
33 19 -24.840866289922314 
33 20 -23.814153546152973 
33 21 -22.47579513336705 
33 22 -20.85985671654133 
33 23 -19.001485835746355 
33 24 -16.935456269099983 
33 25 -14.697441697831692 
33 26 -12.32754998213271 
33 27 -9.874850802361221 
33 28 -7.401274505153109 
33 29 -4.983426926285231 
33 30 -2.711431742506158 
33 31 -0.6846302849667519 
33 32 0.9954148793240901 
33 33 2.2338008639943485 
33 34 2.952118939112556 
33 35 3.098312191081316 
33 36 2.655591820511324 
33 37 1.6493023047603188 
33 38 0.15043391589559116 
33 39 -1.7255684722550215 
33 40 -3.825739297526273 
33 41 -5.972512148525328 
33 42 -7.981664205904841 
33 43 -9.68300039483877 
33 44 -10.940470737513127 
33 45 -11.668091069975674 
33 46 -11.838619795402497 
33 47 -11.483349944859265 
33 48 -10.6832452670468 
33 49 -9.55345994686046 
34 0 -2.8863136694462797 
34 1 -3.8895438502333004 
34 2 -5.099062889594683 
34 3 -6.5104064841701135 
34 4 -8.10604386667929 
34 5 -9.85629647445561 
34 6 -11.721847809510583 
34 7 -13.657214694116066 
34 8 -15.614266134363753 
34 9 -17.54489420658407 
34 10 -19.402293761184904 
34 11 -21.140890378331818 
34 12 -22.71555184942208 
34 13 -24.081076579281273 
34 14 -25.192895483154864 
34 15 -26.009437337515244 
34 16 -26.495863540259737 
34 17 -26.628178118053672 
34 18 -26.396369989530683 
34 19 -25.805425267237695 
34 20 -24.873721132072244 
34 21 -23.62923351964083 
34 22 -22.104800837188726 
34 23 -20.33406372695608 
34 24 -18.349493938837277 
34 25 -16.183209525432964 
34 26 -13.870315703452867 
34 27 -11.45365437165839 
34 28 -8.988372012405984 
34 29 -6.544742524971105 
34 30 -4.208135012548739 
34 31 -2.0756884026598144 
34 32 -0.24990756793073354 
34 33 1.1701332116671839 
34 34 2.0990369937046833 
34 35 2.47571713713376 
34 36 2.2732500551693176 
34 37 1.5066381326093772 
34 38 0.2370437797493371 
34 39 -1.4289019233305105 
34 40 -3.3457166870508774 
34 41 -5.341770237250234 
34 42 -7.237033590096996 
34 43 -8.863557078437928 
34 44 -10.085399740685302 
34 45 -10.814456789996042 
34 46 -11.019225934361899 
34 47 -10.7249298279574 
34 48 -10.005221134389112 
34 49 -8.967440105842009 
35 0 -2.8508497662642958 
35 1 -3.8484913933728935 
35 2 -5.054321889972234 
35 3 -6.46502244781168 
35 4 -8.064111545748817 
35 5 -9.822678470807134 
35 6 -11.701752800616665 
35 7 -13.655732165530845 
35 8 -15.635984180765083 
35 9 -17.593717542310333 
35 10 -19.481526306748684 
35 11 -21.25356369206197 
35 12 -22.864895429904315 
35 13 -24.270972256398906 
35 14 -25.428160558226132 
35 15 -26.295843336072352 
35 16 -26.839897061682304 
35 17 -27.036645995691956 
35 18 -26.875999199830737 
35 19 -26.36258263673159 
35 20 -25.514284289776537 
35 21 -24.35852068467546 
35 22 -22.92736969894555 
35 23 -21.25317087474711 
35 24 -19.366089591796587 
35 25 -17.294509619614548 
35 26 -15.068188777566633 
35 27 -12.72321052265527 
35 28 -10.307182852703297 
35 29 -7.8830284907266215 
35 30 -5.530051652091119 
35 31 -3.3415894615202553 
35 32 -1.4192404971995527 
35 33 0.13576577518863486 
35 34 1.2331065415333915 
35 35 1.8046197809313214 
35 36 1.8149192039505815 
35 37 1.2698782230109784 
35 38 0.22142880131184778 
35 39 -1.2327414957023128 
35 40 -2.9555318516739413 
35 41 -4.782867178032845 
35 42 -6.541108690804014 
35 43 -8.067096369186551 
35 44 -9.227603519461157 
35 45 -9.934770343211493 
35 46 -10.154695779478322 
35 47 -9.907708579244122 
35 48 -9.26057148398278 
35 49 -8.312524849218658 
36 0 -2.774657466026749 
36 1 -3.7543124821654446 
36 2 -4.942302858705679 
36 3 -6.336805088523222 
36 4 -7.922840748331004 
36 5 -9.672741917444185 
36 6 -11.548278361793358 
36 7 -13.503945494514195 
36 8 -15.490587116028559 
36 9 -17.458462322385785 
36 10 -19.359118406773053 
36 11 -21.14593479038431 
36 12 -22.773775893123645 
36 13 -24.198599681910878 
36 14 -25.37792337779067 
36 15 -26.27269203905098 
36 16 -26.85044686784234 
36 17 -27.089004894500924 
36 18 -26.979435576372726 
36 19 -26.527160650695485 
36 20 -25.750536053711848 
36 21 -24.67712043174997 
36 22 -23.338679041728327 
36 23 -21.766489705663673 
36 24 -19.988504177209638 
36 25 -18.029368515461197 
36 26 -15.913410532526436 
36 27 -13.669766797026933 
36 28 -11.338146258366486 
36 29 -8.97349890268567 
36 30 -6.6480959537526365 
36 31 -4.450104654558748 
36 32 -2.478452829155238 
36 33 -0.8344399777369067 
36 34 0.3889420188292504 
36 35 1.118675558132581 
36 36 1.3128530662155247 
36 37 0.9696437326829793 
36 38 0.1324607069911341 
36 39 -1.1100729336706117 
36 40 -2.630208813008449 
36 41 -4.273153269250229 
36 42 -5.873940671570663 
36 43 -7.276764574609659 
36 44 -8.353646152928338 
36 45 -9.019176481533496 
36 46 -9.238698218210029 
36 47 -9.028587409209548 
36 48 -8.448933280135998 
36 49 -7.590452653220971 
37 0 -2.6598891679201135 
37 1 -3.6091843753542965 
37 2 -4.76492096764093 
37 3 -6.1270401029561965 
37 4 -7.682479100316034 
37 5 -9.405309369502733 
37 6 -11.258535233536207 
37 7 -13.197147224567761 
37 8 -15.171686271705918 
37 9 -17.1314668545581 
37 10 -19.026795231170837 
37 11 -20.809958611597448 
37 12 -22.435296228057464 
37 13 -23.85907718087758 
37 14 -25.040013704463238 
37 15 -25.940958125118456 
37 16 -26.531754661336134 
37 17 -26.792570300944142 
37 18 -26.71659172941417 
37 19 -26.3109616045504 
37 20 -25.59528841765479 
37 21 -24.597856257343146 
37 22 -23.350496638262968 
37 23 -21.883645620593988 
37 24 -20.22317263789724 
37 25 -18.390092203996133 
37 26 -16.403410347798847 
37 27 -14.285399283053042 
37 28 -12.067841456207656 
37 29 -9.79745289053126 
37 30 -7.538845814135242 
37 31 -5.3739282035200215 
37 32 -3.397374880749919 
37 33 -1.7085437096444318 
37 34 -0.4008147738887341 
37 35 0.45025000449884245 
37 36 0.7982831793829835 
37 37 0.635287958720324 
37 38 -0.003043065839776554 
37 39 -1.037212702577735 
37 40 -2.349745005724439 
37 41 -3.7967826017994613 
37 42 -5.224196414868294 
37 43 -6.485914738104557 
37 44 -7.461499205257458 
37 45 -8.069924030697395 
37 46 -8.277152013131381 
37 47 -8.096333093534684 
37 48 -7.580972088392365 
37 49 -6.812817257860957 
38 0 -2.5100480146189796 
38 1 -3.4169844627875547 
38 2 -4.526149279538892 
38 3 -5.839403645977664 
38 4 -7.34593115259635 
38 5 -9.022016984377704 
38 6 -10.832454613273553 
38 7 -12.733278392985037 
38 8 -14.675179655748277 
38 9 -16.60681623589001 
38 10 -18.477346811402708 
38 11 -20.23788850642371 
38 12 -21.842079140607165 
38 13 -23.24632934860702 
38 14 -24.410491667869607 
38 15 -25.299466231766488 
38 16 -25.885764760561546 
38 17 -26.152461275536197 
38 18 -26.095528009838215 
38 19 -25.724502264650148 
38 20 -25.060826615946468 
38 21 -24.133939874970952 
38 22 -22.976010519151945 
38 23 -21.616789926189735 
38 24 -20.080184157443405 
38 25 -18.383730267026834 
38 26 -16.541338282132312 
38 27 -14.568688566112707 
38 28 -12.48986363088721 
38 29 -10.343382073094714 
38 30 -8.185883804933754 
38 31 -6.092224920400808 
38 32 -4.151500119320439 
38 33 -2.459312005072643 
38 34 -1.1072852333540533 
38 35 -0.17129648495119673 
38 36 0.2998534831808957 
38 37 0.29354630393305814 
38 38 -0.161399207081761 
38 39 -0.9945732135369357 
38 40 -2.0995279205545656 
38 41 -3.344758623413684 
38 42 -4.588824399329945 
38 43 -5.697401386796758 
38 44 -6.55949397784898 
38 45 -7.100025439977179 
38 46 -7.286661732880012 
38 47 -7.1298734919615265 
38 48 -6.676626653290246 
38 49 -5.999347886038129 
39 0 -2.3300374664022923 
39 1 -3.1834635736628356 
39 2 -4.232384234883325 
39 3 -5.480600626682884 
39 4 -6.919755952877282 
39 5 -8.52875433559405 
39 6 -10.274738497941469 
39 7 -12.115431885242593 
39 8 -14.002316220563115 
39 9 -15.88393653477114 
39 10 -17.708683679941917 
39 11 -19.42669466851103 
39 12 -20.9909310897528 
39 13 -22.35787467122628 
39 14 -23.48844490277187 
39 15 -24.349600893633266 
39 16 -24.9166720499935 
39 17 -25.17593332521333 
39 18 -25.12653517967486 
39 19 -24.780824026548032 
39 20 -24.162432818769556 
39 21 -23.30220057526441 
39 22 -22.23276252351509 
39 23 -20.983244782552777 
39 24 -19.575657262511225 
39 25 -18.024213309878647 
39 26 -16.338010015899638 
39 27 -14.526527068946082 
39 28 -12.606552295358377 
39 29 -10.608674600003196 
39 30 -8.581519344422956 
39 31 -6.592393526776292 
39 32 -4.723788047339166 
39 33 -3.0660323293087863 
39 34 -1.7071244113521913 
39 35 -0.7212587848403715 
39 36 -0.15781681661053396 
39 37 -0.03258778943903141 
39 38 -0.32277179681811885 
39 39 -0.9668802330471336 
39 40 -1.8699943335630151 
39 41 -2.9140042747153996 
39 42 -3.9715424148772462 
39 43 -4.921532599104592 
39 44 -5.663822836042014 
39 45 -6.13042373155647 
39 46 -6.2914873469794195 
39 47 -6.155213968291012 
39 48 -5.762109293817958 
39 49 -5.1751110698289935 
40 0 -2.126053643862646 
40 1 -2.916201952320843 
40 2 -3.8925217089180006 
40 3 -5.060632122543064 
40 4 -6.414708037444539 
40 5 -7.936565330598232 
40 6 -9.596201889352896 
40 7 -11.353702230705803 
40 8 -13.162095287818184 
40 9 -14.970555166353556 
40 10 -16.727336531041804 
40 11 -18.382050875385712 
40 12 -19.887239949592974 
40 13 -21.199543151241954 
40 14 -22.280929981645627 
40 15 -23.10037840773683 
40 16 -23.636038646043804 
40 17 -23.877463549243576 
40 18 -23.8271198961102 
40 19 -23.500316376109687 
40 20 -22.922988988956075 
40 21 -22.12741240939055 
40 22 -21.146650338696265 
40 23 -20.00914042758233 
40 24 -18.734987686866788 
40 25 -17.335207067724685 
40 26 -15.814386147402981 
40 27 -14.176265953372559 
40 28 -12.43086800772055 
40 29 -10.601296185106385 
40 30 -8.728350212200494 
40 31 -6.871574097870551 
40 32 -5.1061600428024025 
40 33 -3.5160066830092753 
40 34 -2.18398292379987 
40 35 -1.1809483178051816 
40 36 -0.5552915504176528 
40 37 -0.324694076291016 
40 38 -0.47154683725343516 
40 39 -0.9429739775445924 
40 40 -1.6557721140334507 
40 41 -2.505804223015535 
40 42 -3.3805944590686643 
40 43 -4.173212005879531 
40 44 -4.795186975653527 
40 45 -5.186304161586362 
40 46 -5.319697930594621 
40 47 -5.201611998565657 
40 48 -4.866262866511604 
40 49 -4.367179743725858 
41 0 -1.9053130433112815 
41 1 -2.624326046570903 
41 2 -3.5176995805380997 
41 3 -4.592616413836497 
41 4 -5.845704691025497 
41 5 -7.261840976629463 
41 6 -8.814275669573377 
41 7 -10.466080280231024 
41 8 -12.17262270891165 
41 9 -13.884567750769731 
41 10 -15.550856232357647 
41 11 -17.12126033684147 
41 12 -18.548390294986184 
41 13 -19.789319550376064 
41 14 -20.80716329403826 
41 15 -21.572893233784136 
41 16 -22.067398393646922 
41 17 -22.283415498621093 
41 18 -22.22663512728143 
41 19 -21.91522280794471 
41 20 -21.37727419926046 
41 21 -20.646306219479364 
41 22 -19.75558741888553 
41 23 -18.732669711811795 
41 24 -17.595662478483472 
41 25 -16.35247412933487 
41 26 -15.003496508200143 
41 27 -13.547245372670305 
41 28 -11.987598056240719 
41 29 -10.340760208037821 
41 30 -8.640094459311936 
41 31 -6.937433116282659 
41 32 -5.30030702064279 
41 33 -3.805415065430943 
41 34 -2.529413127480321 
41 35 -1.5385794664745753 
41 36 -0.8790775878334584 
41 37 -0.5694217384012704 
41 38 -0.596416531182964 
41 39 -0.9153456591520855 
41 40 -1.4545682086467904 
41 41 -2.1239963388270677 
41 42 -2.8262607762852716 
41 43 -3.4688460944860364 
41 44 -3.975234486035879 
41 45 -4.293234826913149 
41 46 -4.399203829069716 
41 47 -4.29768523500837 
41 48 -4.01690520789548 
41 49 -3.6013369014291605 
42 0 -1.6756383700757664 
42 1 -2.3180076011776998 
42 2 -3.12072242968553 
42 3 -4.092166799019684 
42 4 -5.231201586065912 
42 5 -6.525754618334886 
42 6 -7.952577404132729 
42 7 -9.478243946548336 
42 8 -11.06120605091763 
42 9 -12.654512683429864 
42 10 -14.208723494404932 
42 11 -15.674628991611076 
42 12 -17.005596808227335 
42 13 -18.15960043417248 
42 14 -19.101135415907414 
42 15 -19.803199975356378 
42 16 -20.249301850794367 
42 17 -20.435136728066887 
42 18 -20.36932227739984 
42 19 -20.07252851020172 
42 20 -19.57461231311845 
42 21 -18.909907836309912 
42 22 -18.11147975658676 
42 23 -17.205670097425248 
42 24 -16.20843377192562 
42 25 -15.124647627325894 
42 26 -13.950845201954204 
42 27 -12.680886233166625 
42 28 -11.313212544458478 
42 29 -9.857842621633006 
42 30 -8.34126598106771 
42 31 -6.807895565252878 
42 32 -5.317552490310276 
42 33 -3.9393477598034226 
42 34 -2.7430618513921488 
42 35 -1.7895629225576404 
42 36 -1.1219126352940247 
42 37 -0.7586326472926392 
42 38 -0.6902267421050269 
42 39 -0.8795496581139844 
42 40 -1.2660410360108856 
42 41 -1.7732528237684269 
42 42 -2.318558705679142 
42 43 -2.823537601424283 
42 44 -3.2233706718328508 
42 45 -3.473752268641735 
42 46 -3.5542885291114983 
42 47 -3.468052141817292 
42 48 -3.2377151102204396 
42 49 -2.8993061546006085 
43 0 -1.444950872689427 
43 1 -2.0078047375250208 
43 2 -2.715238150598885 
43 3 -3.576402711352549 
43 4 -4.592053930121829 
43 5 -5.7530081524978565 
43 6 -7.039597612772451 
43 7 -8.422256580219408 
43 8 -9.863147690921783 
43 9 -11.318542521802161 
43 10 -12.741571680516165 
43 11 -14.08499114774172 
43 12 -15.303753428980826 
43 13 -16.357351923680586 
43 14 -17.2120273653482 
43 15 -17.842908550207664 
43 16 -18.235991238417988 
43 17 -18.389607142042394 
43 18 -18.31483167286804 
43 19 -18.034267223013497 
43 20 -17.57890184949842 
43 21 -16.98325296963856 
43 22 -16.279612739695516 
43 23 -15.492691639365393 
43 24 -14.636095790236114 
43 25 -13.711760876726556 
43 26 -12.712750201404022 
43 27 -11.628909449132488 
43 28 -10.454043665461885 
43 29 -9.192808766467918 
43 30 -7.865537146333962 
43 31 -6.509722845328607 
43 32 -5.17770469921359 
43 33 -3.930958352931503 
43 34 -2.8321097293361652 
43 35 -1.9361722608990193 
43 36 -1.282559671041883 
43 37 -0.8891959405479184 
43 38 -0.7496338193224144 
43 39 -0.8335957213081487 
43 40 -1.0908323571614496 
43 41 -1.4577023797295396 
43 42 -1.8654593384714402 
43 43 -2.2489525446538576 
43 44 -2.554372856030489 
43 45 -2.7448468889683246 
43 46 -2.803094486433792 
43 47 -2.730937621943405 
43 48 -2.546053373962207 
43 49 -2.276852391542252 
44 0 -1.220733715715693 
44 1 -1.7039307768380905 
44 2 -2.3147757396989124 
44 3 -3.062727214350212 
44 4 -3.950017446761877 
44 5 -4.970058577024856 
44 6 -6.106675675012155 
44 7 -7.334337976427694 
44 8 -8.619374873433742 
44 9 -9.921987431675792 
44 10 -11.198757416966528 
44 11 -12.405348245370044 
44 12 -13.499177434536744 
44 13 -14.441965056208993 
44 14 -15.202150132002679 
44 15 -15.757152019797719 
44 16 -16.0953217429405 
44 17 -16.217233291036823 
44 18 -16.135817787644545 
44 19 -15.874865741157347 
44 20 -15.46568625084145 
44 21 -14.942190267192917 
44 22 -14.335221910803346 
44 23 -13.667391953855347 
44 24 -12.949774285132575 
44 25 -12.181507944188752 
44 26 -11.352652640711733 
44 27 -10.449769326173426 
44 28 -9.462914804619151 
44 29 -8.392304880102584 
44 30 -7.252952140592264 
44 31 -6.076095807442591 
44 32 -4.907039473548102 
44 33 -3.7998519835498987 
44 34 -2.810040580069846 
44 35 -1.9866385491720226 
44 36 -1.365142692183466 
44 37 -0.9624616104449124 
44 38 -0.7746069433096542 
44 39 -0.7773806160652939 
44 40 -0.9298527437142867 
44 41 -1.1800281619386008 
44 42 -1.471794814353744 
44 43 -1.752069116913191 
44 44 -1.9770398486601768 
44 45 -2.116586335087049 
44 46 -2.1562948642140163 
44 47 -2.0969571532816156 
44 48 -1.9519051703062253 
44 49 -1.7429066550802432 
45 0 -1.0095352396211619 
45 1 -1.415546928741174 
45 2 -1.931773154129302 
45 3 -2.567536807183423 
45 4 -3.3260941109822966 
45 5 -4.203067439124514 
45 6 -5.185540271284014 
45 7 -6.25200591543291 
45 8 -7.373215001298844 
45 9 -8.51381494750808 
45 10 -9.634565325748211 
45 11 -10.694878199870685 
45 12 -11.655471411125479 
45 13 -12.480998473245688 
45 14 -13.14257254061251 
45 15 -13.620082506656635 
45 16 -13.90409431585409 
45 17 -13.996984181116735 
45 18 -13.912854005422098 
45 19 -13.675834129532378 
45 20 -13.316643137059668 
45 21 -12.867721269539615 
45 22 -12.357758929572622 
45 23 -11.806818702660985 
45 24 -11.223321081555795 
45 25 -10.603841286761257 
45 26 -9.935997068655594 
45 27 -9.203880799159261 
45 28 -8.394763441850777 
45 29 -7.505411046803649 
45 30 -6.546431856778829 
45 31 -5.543581928191035 
45 32 -4.535727977651807 
45 33 -3.569958352674487 
45 34 -2.694929094135216 
45 35 -1.9538066395747193 
45 36 -1.3781122497492169 
45 37 -0.9834676734901439 
45 38 -0.767808367606493 
45 39 -0.7121800513191322 
45 40 -0.7838380543419484 
45 41 -0.9410603268191363 
45 42 -1.1388777051856378 
45 43 -1.3348307201553729 
45 44 -1.493895435958154 
45 45 -1.5918889342257427 
45 46 -1.6169523554746479 
45 47 -1.5690676931464898 
45 48 -1.4579190970730258 
45 49 -1.2996796984180705 
46 0 -0.8165735870831363 
46 1 -1.1501691937587122 
46 2 -1.5767225157289835 
46 3 -2.1050356682659133 
46 4 -2.7389464243993067 
46 5 -3.4758532451607707 
46 6 -4.305752244318117 
46 7 -5.210981952627227 
46 8 -6.1667603731934015 
46 9 -7.142473028550713 
46 10 -8.103568132994617 
46 11 -9.013863607345042 
46 12 -9.838074423166193 
46 13 -10.54440344292586 
46 14 -11.107061976915233 
46 15 -11.508559462080164 
46 16 -11.741516643488406 
46 17 -11.809650039657797 
46 18 -11.727522096654226 
46 19 -11.518733412969935 
46 20 -11.21249584112696 
46 21 -10.838938692150755 
46 22 -10.423951533951552 
46 23 -9.984689802114007 
46 24 -9.526907174381886 
46 25 -9.044955886395712 
46 26 -8.524664468443993 
46 27 -7.948536699894781 
46 28 -7.302056872007789 
46 29 -6.579552299958275 
46 30 -5.788165078024392 
46 31 -4.948983890589985 
46 32 -4.095116357503704 
46 33 -3.2672147357614905 
46 34 -2.5074992804802676 
46 35 -1.8535414032102926 
46 36 -1.3329726338655685 
46 37 -0.9599631054862731 
46 38 -0.7338895756113132 
46 39 -0.640199014485867 
46 40 -0.6531384350416581 
46 41 -0.7397905767359793 
46 42 -0.8647280884746691 
46 43 -0.9945696547140034 
46 44 -1.1017869831096723 
46 45 -1.1672678455027992 
46 46 -1.1813716991396643 
46 47 -1.1434853514197956 
46 48 -1.060344231405696 
46 49 -0.9435744212569919 
47 0 -0.6454872609266794 
47 1 -0.9132600215515521 
47 2 -1.2575386430831372 
47 3 -1.6863063153500397 
47 4 -2.2035890981687727 
47 5 -2.8081228580829984 
47 6 -3.492401685627552 
47 7 -4.242295148601513 
47 8 -5.037341041023227 
47 9 -5.85172019084007 
47 10 -6.655828794447395 
47 11 -7.418304754128135 
47 12 -8.10834398164408 
47 13 -8.698145816393946 
47 14 -9.165324419273068 
47 15 -9.495088678216785 
47 16 -9.681922932255729 
47 17 -9.730425727149507 
47 18 -9.654944482786204 
47 19 -9.477745379105489 
47 20 -9.225712493407746 
47 21 -8.925946970433477 
47 22 -8.601033393860527 
47 23 -8.265010025681166 
47 24 -7.921087061630247 
47 25 -7.56184122558905 
47 26 -7.172028626612734 
47 27 -6.733463011158642 
47 28 -6.2308222645184514 
47 29 -5.656966547960109 
47 30 -5.016471145099251 
47 31 -4.326554242076737 
47 32 -3.615255580609688 
47 33 -2.917384154234571 
47 34 -2.2692162871537396 
47 35 -1.7030910625910314 
47 36 -1.2429257788267876 
47 37 -0.901349684712852 
47 38 -0.6787525363179101 
47 39 -0.5641728783404069 
47 40 -0.5376731051213307 
47 41 -0.5736825400825651 
47 42 -0.6447253222344762 
47 43 -0.7249676886830012 
47 44 -0.793104028040063 
47 45 -0.8342416888927473 
47 46 -0.8406264937272957 
47 47 -0.8112496308094642 
47 48 -0.7505575247752534 
47 49 -0.6666132280827307 
48 0 -0.49825316220245985 
48 1 -0.7080453988069105 
48 2 -0.9792200292263858 
48 3 -1.3187456465728722 
48 4 -1.7305200330448196 
48 5 -2.2142107088736807 
48 6 -2.764368939796691 
48 7 -3.369986978807099 
48 8 -4.014612870073007 
48 9 -4.6770606393046155 
48 10 -5.3326765637886275 
48 11 -5.955062581651086 
48 12 -6.5181227762777425 
48 13 -6.998280200905784 
48 14 -7.376690401156085 
48 15 -7.641238009453935 
48 16 -7.788043969464624 
48 17 -7.822159977917391 
48 18 -7.757132264774078 
48 19 -7.613229029264775 
48 20 -7.414366368832692 
48 21 -7.184104105193225 
48 22 -6.941424108825899 
48 23 -6.697222788421808 
48 24 -6.452432304508925 
48 25 -6.198384109462796 
48 26 -5.919496187914659 
48 27 -5.597749218105689 
48 28 -5.217911243333948 
48 29 -4.772244553665692 
48 30 -4.263560136368486 
48 31 -3.7059301015784833 
48 32 -3.1229794654320098 
48 33 -2.544263548554368 
48 34 -2.000631305749727 
48 35 -1.5195947055846732 
48 36 -1.1215835898820665 
48 37 -0.8176521961224743 
48 38 -0.608834127817058 
48 39 -0.48701678283037875 
48 40 -0.4369808682354911 
48 41 -0.4391373828478712 
48 42 -0.47247558358998565 
48 43 -0.5172839309790351 
48 44 -0.5572992419276607 
48 45 -0.5810621258509326 
48 46 -0.5823967565082212 
48 47 -0.56007427744562 
48 48 -0.516840751815876 
48 49 -0.45807086740253755 
49 0 -0.3752686789701985 
49 1 -0.535563388949715 
49 2 -0.7438252364215858 
49 3 -1.0059163598939236 
49 4 -1.3253802251004656 
49 5 -1.7024697819538894 
49 6 -2.1333637548513438 
49 7 -2.6097178402340377 
49 8 -3.1186617830457206 
49 9 -3.6432971561349263 
49 10 -4.16368811050622 
49 11 -4.658281900608236 
49 12 -5.1056541861078735 
49 13 -5.4864423652280365 
49 14 -5.785297585054902 
49 15 -5.992643303883035 
49 16 -6.105978836239678 
49 17 -6.130433214028899 
49 18 -6.078296573621667 
49 19 -5.967370849529628 
49 20 -5.818201674539801 
49 21 -5.650547019614684 
49 22 -5.479725105452137 
49 23 -5.313657033706768 
49 24 -5.151384495793967 
49 25 -4.983564416848807 
49 26 -4.794971280183233 
49 27 -4.568504935790268 
49 28 -4.289775485476854 
49 29 -3.9511609149193965 
49 30 -3.5543694811324555 
49 31 -3.1109428757921163 
49 32 -2.640674712149959 
49 33 -2.168422679512176 
49 34 -1.7201195683133523 
49 35 -1.318869750412512 
49 36 -0.9818714848193518 
49 37 -0.7186143642745048 
49 38 -0.5304716593728682 
49 39 -0.41152867578385516 
49 40 -0.3503093458388753 
49 41 -0.3319905531472109 
49 42 -0.3407054243860418 
49 43 -0.3616022443467529 
49 44 -0.3824188459095145 
49 45 -0.39443674069897383 
49 46 -0.3927846626267651 
49 47 -0.3761583696407598 
49 48 -0.3461014234441509 
49 49 -0.30603880082074847 
