0 0 31.51829968478584 
0 1 31.320142865253715 
0 2 31.053504694085575 
0 3 30.702306669788435 
0 4 30.250730021019965 
0 5 29.68471505746979 
0 6 28.992470431817328 
0 7 28.162792148970812 
0 8 27.180693737767577 
0 9 26.021358716670374 
0 10 24.645048634555753 
0 11 22.996413430159414 
0 12 21.010919116714025 
0 13 18.628466840659893 
0 14 15.810705955118292 
0 15 12.557021551005356 
0 16 8.915561339409814 
0 17 4.986302587326046 
0 18 0.9138302235145315 
0 19 -3.1285509427358487 
0 20 -6.959413073363831 
0 21 -10.410798475481014 
0 22 -13.345658426981755 
0 23 -15.666117739651007 
0 24 -17.311904691558187 
0 25 -18.2528161207605 
0 26 -18.480097726422304 
0 27 -17.99961684926069 
0 28 -16.827452471918654 
0 29 -14.988097753078986 
0 30 -12.516677670459856 
0 31 -9.467251675139103 
0 32 -5.9269205574458 
0 33 -2.0297797066590304 
0 34 2.040611359467348 
0 35 6.070501204632919 
0 36 9.856512876030173 
0 37 13.2518788277705 
0 38 16.194982688029175 
0 39 18.705094099246374 
0 40 20.849880739364625 
0 41 22.705184546552424 
0 42 24.327749915003835 
0 43 25.74853822544777 
0 44 26.980620258188786 
0 45 28.030875694111455 
0 46 28.90817827005756 
0 47 29.626281416009416 
0 48 30.202997822747182 
0 49 30.658010071377028 
1 0 31.453868776096872 
1 1 31.23167509539818 
1 2 30.934124822814084 
1 3 30.54459102590423 
1 4 30.04762167761963 
1 5 29.430796250646754 
1 6 28.685244998499893 
1 7 27.80345169968381 
1 8 26.773804102059216 
1 9 25.572849238746223 
1 10 24.157865919283687 
1 11 22.46403172470901 
1 12 20.411031706751956 
1 13 17.91998136072054 
1 14 14.934086031959298 
1 15 11.438248199181809 
1 16 7.480568069004546 
1 17 3.1844208230716617 
1 18 -1.2693183911969228 
1 19 -5.676580674829251 
1 20 -9.835161064696496 
1 21 -13.562454998915792 
1 22 -16.712226354732454 
1 23 -19.184072140094898 
1 24 -20.92113423204447 
1 25 -21.89986745080581 
1 26 -22.11827177727701 
1 27 -21.586591307227792 
1 28 -20.32147833753358 
1 29 -18.343894179796376 
1 30 -15.682440854141399 
1 31 -12.384684782122308 
1 32 -8.536176113992155 
1 33 -4.279766284077199 
1 34 0.17908233359008335 
1 35 4.594253004895788 
1 36 8.728163257268207 
1 37 12.408875050673778 
1 38 15.565745255493859 
1 39 18.224575614084046 
1 40 20.46823292398395 
1 41 22.388519850857048 
1 42 24.054459097894263 
1 43 25.505184365266906 
1 44 26.75924429731969 
1 45 27.8275668883868 
1 46 28.722181563101138 
1 47 29.459065674226665 
1 48 30.056999715953033 
1 49 30.535194928590027 
2 0 31.385211937304575 
2 1 31.13790854242735 
2 2 30.80843044517981 
2 3 30.379960398927476 
2 4 29.83808975264126 
2 5 29.173146902229302 
2 6 28.38082427385603 
2 7 27.459548891127252 
2 8 26.403861216099216 
2 9 25.19418797064551 
2 10 23.78535823450054 
2 11 22.10082801008901 
2 12 20.042730154409277 
2 13 17.51390448849484 
2 14 14.426485042862858 
2 15 10.709366882660465 
2 16 6.378801914438648 
2 17 1.6174110241695139 
2 18 -3.2855579240322164 
2 19 -8.064556073509173 
2 20 -12.513940679981237 
2 21 -16.46286353377769 
2 22 -19.772638016455137 
2 23 -22.34869230775942 
2 24 -24.141400871908232 
2 25 -25.13532222015231 
2 26 -25.33550932145353 
2 27 -24.756455253541503 
2 28 -23.41518297414998 
2 29 -21.32889730880388 
2 30 -18.519162837710862 
2 31 -15.025610427692806 
2 32 -10.928980183702102 
2 33 -6.375112456708633 
2 34 -1.5832787253822147 
2 35 3.1769303218393885 
2 36 7.640740312089461 
2 37 11.613361346892422 
2 38 15.011188033470937 
2 39 17.857116756666453 
2 40 20.23733287009899 
2 41 22.249314716526115 
2 42 23.96865703857551 
2 43 25.442128392767163 
2 44 26.696974617526738 
2 45 27.753265607257607 
2 46 28.63183155853119 
2 47 29.3561397480469 
2 48 29.949837315049912 
2 49 30.43338576994287 
3 0 31.313217957186904 
3 1 31.040126540234507 
3 2 30.678299782073083 
3 3 30.21121807027699 
3 4 29.626451424394904 
3 5 28.918686976627693 
3 6 28.090721957094026 
3 7 27.15063662402141 
3 8 26.103827571850434 
3 9 24.938939926767194 
3 10 23.610385020373222 
3 11 22.032834442845374 
3 12 20.108480406553415 
3 13 17.752103316671658 
3 14 14.816393887938569 
3 15 11.018152279368834 
3 16 6.1865936268993895 
3 17 0.6377215639017058 
3 18 -4.990225639650861 
3 19 -10.24791930450388 
3 20 -14.972105800854287 
3 21 -19.0794411093467 
3 22 -22.479784882685653 
3 23 -25.100330425084074 
3 24 -26.904353188603782 
3 25 -27.885989498459683 
3 26 -28.05712787973324 
3 27 -27.435970338020876 
3 28 -26.03973409735767 
3 29 -23.882198774906577 
3 30 -20.978317422772527 
3 31 -17.359231301862554 
3 32 -13.097724677470277 
3 33 -8.33541288476029 
3 34 -3.2939034018251423 
3 35 1.747402936278901 
3 36 6.508185106763659 
3 37 10.775725277241241 
3 38 14.448997140044147 
3 39 17.53539275730584 
3 40 20.108518941650786 
3 41 22.258131104053184 
3 42 24.05896559149841 
3 43 25.563772609937555 
3 44 26.810384086139294 
3 45 27.83175167279527 
3 46 28.662721668918415 
3 47 29.340585470652268 
3 48 29.899859433869295 
3 49 30.366036507889106 
4 0 31.239570225919916 
4 1 30.94068122301357 
4 2 30.54698071397985 
4 3 30.042769699667208 
4 4 29.418604035742646 
4 5 28.675323743078184 
4 6 27.825779051789468 
4 7 26.89212980371155 
4 8 25.896314704952587 
4 9 24.840732833646594 
4 10 23.68449809754028 
4 11 22.349432579556883 
4 12 20.791166985305466 
4 13 19.00960020620323 
4 14 16.74753451980861 
4 15 13.230348338654528 
4 16 7.7699614479830155 
4 17 0.8371816772178182 
4 18 -6.116533483303132 
4 19 -12.136826826120485 
4 20 -17.171447464385725 
4 21 -21.379032137012175 
4 22 -24.79548215785038 
4 23 -27.395102964032635 
4 24 -29.162002013219688 
4 25 -30.101830416235853 
4 26 -30.232838528471145 
4 27 -29.576080474049 
4 28 -28.1487283016896 
4 29 -25.961717522547552 
4 30 -23.024328418297387 
4 31 -19.359265819162964 
4 32 -15.028583808511263 
4 33 -10.162170095118755 
4 34 -4.971266571051438 
4 35 0.27057636548518743 
4 36 5.28118689818067 
4 37 9.836060824176313 
4 38 13.812287515332187 
4 39 17.18842216795109 
4 40 20.009239129800516 
4 41 22.344243237629204 
4 42 24.261491161984026 
4 43 25.81860762282754 
4 44 27.06409930100971 
4 45 28.044064404928744 
4 46 28.80932322044512 
4 47 29.4157447605956 
4 48 29.914986340084116 
4 49 30.342661483881994 
5 0 31.167273259034268 
5 1 30.843712602647678 
5 2 30.420035837216815 
5 3 29.88179119347394 
5 4 29.223323874002666 
5 5 28.453050754019845 
5 6 27.59610995090417 
5 7 26.69180490628983 
5 8 25.7821391145154 
5 9 24.886619009294204 
5 10 23.974437396211773 
5 11 22.994220905237952 
5 12 22.002938578193596 
5 13 21.11815900206021 
5 14 19.909515427006145 
5 15 17.019843770629674 
5 16 11.040956208713963 
5 17 2.3227626691937986 
5 18 -6.564118781172975 
5 19 -13.679357919279482 
5 20 -19.08248452074696 
5 21 -23.341653706016206 
5 22 -26.702353226950002 
5 23 -29.21356413373 
5 24 -30.892363864002363 
5 25 -31.759998338659486 
5 26 -31.84016499477979 
5 27 -31.155005611626816 
5 28 -29.720829017501277 
5 29 -27.545924859050984 
5 30 -24.634553991189378 
5 31 -21.000948278164735 
5 32 -16.69395910171377 
5 33 -11.825103530698724 
5 34 -6.5840074014404415 
5 35 -1.2245696695290076 
5 36 3.981124219502923 
5 37 8.802116775245505 
5 38 13.089856114303439 
5 39 16.782262724435235 
5 40 19.880708006140804 
5 41 22.425422035710742 
5 42 24.47819514831095 
5 43 26.10562034752833 
5 44 27.36723158215476 
5 45 28.318517249462033 
5 46 29.02275338896591 
5 47 29.554278307253952 
5 48 29.98499642859065 
5 49 30.36459780014197 
6 0 31.101344895949588 
6 1 30.756096178334122 
6 2 30.306674432874043 
6 3 29.740190920487905 
6 4 29.05532581113268 
6 5 28.268859929846464 
6 6 27.418756454659093 
6 7 26.560662969092068 
6 8 25.753527170520968 
6 9 25.02923932354346 
6 10 24.36414757403291 
6 11 23.732042562979355 
6 12 23.267215616415108 
6 13 23.12800863118108 
6 14 22.703607789983803 
6 15 20.338849817157953 
6 16 14.12671196749078 
6 17 3.94726627366722 
6 18 -6.79107891531795 
6 19 -14.995605000414693 
6 20 -20.744376195652688 
6 21 -25.011964422585606 
6 22 -28.247443300496048 
6 23 -30.588949221836746 
6 24 -32.11397724604417 
6 25 -32.87158722676474 
6 26 -32.887870661137306 
6 27 -32.180579881124885 
6 28 -30.762016450856418 
6 29 -28.636433929663916 
6 30 -25.80231154046919 
6 31 -22.26423573032471 
6 32 -18.05513838915811 
6 33 -13.262975919600954 
6 34 -8.048213282811615 
6 35 -2.6368786336133545 
6 36 2.7156983062374533 
6 37 7.776273084232158 
6 38 12.370620003474128 
6 39 16.385102151403196 
6 40 19.755696348969177 
6 41 22.482244233664012 
6 42 24.636449681381098 
6 43 26.31774878624228 
6 44 27.60357372497937 
6 45 28.550221352018827 
6 46 29.22205862322646 
6 47 29.703991347448657 
6 48 30.084476888542476 
6 49 30.42684849193871 
7 0 31.04949742138867 
7 1 30.688279450704623 
7 2 30.22087059446988 
7 3 29.63633487365361 
7 4 28.9383407027598 
7 5 28.15266453109308 
7 6 27.3290924651797 
7 7 26.533959833105808 
7 8 25.83057923795645 
7 9 25.246003683862437 
7 10 24.747497305569595 
7 11 24.311533627451293 
7 12 24.091508933074554 
7 13 24.219758950744833 
7 14 23.986740261931498 
7 15 21.686921874915818 
7 16 15.233943306691375 
7 17 4.231350806201339 
7 18 -7.514250278527573 
7 19 -16.325840165677924 
7 20 -22.302461643336468 
7 21 -26.563368876520652 
7 22 -29.603560996273682 
7 23 -31.653683522583208 
7 24 -32.91545230014016 
7 25 -33.49796327682865 
7 26 -33.42473796125329 
7 27 -32.69597185897793 
7 28 -31.310894743743447 
7 29 -29.264332099971984 
7 30 -26.54515345307222 
7 31 -23.14471268929869 
7 32 -19.076174584543736 
7 33 -14.400058686993832 
7 34 -9.244934922016371 
7 35 -3.8085598786828077 
7 36 1.6711315234596509 
7 37 6.967502239903747 
7 38 11.893847083320345 
7 39 16.265163877110297 
7 40 19.885277648477494 
7 41 22.67896641996948 
7 42 24.783986562669792 
7 43 26.413541245027208 
7 44 27.65272325096873 
7 45 28.335738906871484 
7 46 28.954913151329578 
7 47 29.49996399409014 
7 48 29.97077259192763 
7 49 30.371335425406553 
8 0 31.022486055805572 
8 1 30.654385275612135 
8 2 30.18109981883459 
8 3 29.59431305193648 
8 4 28.90391926342097 
8 5 28.146088563999417 
8 6 27.381371137280333 
8 7 26.678289838648485 
8 8 26.084786048266583 
8 9 25.595711716873506 
8 10 25.1449848516099 
8 11 24.69439329005385 
8 12 24.39922758246872 
8 13 24.374429305506194 
8 14 23.878551820159316 
8 15 21.19207205177967 
8 16 14.263609599322924 
8 17 2.9383098106723877 
8 18 -8.865562486529456 
8 19 -17.750580182430628 
8 20 -23.903061237311142 
8 21 -28.210055298625743 
8 22 -31.006427366415373 
8 23 -32.630931783431485 
8 24 -33.483679521551934 
8 25 -33.783872776784236 
8 26 -33.565336649536725 
8 27 -32.799504561201786 
8 28 -31.456014533171015 
8 29 -29.507172564303026 
8 30 -26.922806081496894 
8 31 -23.673708366655408 
8 32 -19.74771134550373 
8 33 -15.175023567927967 
8 34 -10.054243694107198 
8 35 -4.56220716731933 
8 36 1.077487873792651 
8 37 6.667739060543737 
8 38 12.043929407930927 
8 39 16.898399767752323 
8 40 20.750734196028112 
8 41 23.39036036418074 
8 42 25.1358340138976 
8 43 26.472049059709512 
8 44 27.163147257728006 
8 45 27.882967982225423 
8 46 28.56784256801766 
8 47 29.178788052526215 
8 48 29.70829382722048 
8 49 30.159465620614082 
9 0 31.033866280340362 
9 1 30.67109065892177 
9 2 30.20779006090489 
9 3 29.63903891117651 
9 4 28.98258861515582 
9 5 28.28732226534827 
9 6 27.62493360168697 
9 7 27.059148380269335 
9 8 26.60379781498922 
9 9 26.194698617289063 
9 10 25.711014252221855 
9 11 25.098402806089116 
9 12 24.53472716495409 
9 13 24.143873256177542 
9 14 23.1704535059398 
9 15 19.907460240685484 
9 16 12.520627073213735 
9 17 1.2859296439851777 
9 18 -10.124618794023316 
9 19 -18.976276001574192 
9 20 -42.45461976012024 
9 21 -29.860661966992993 
9 22 -32.445598366406784 
9 23 -33.650520393877734 
9 24 -34.05157476001947 
9 25 -33.98157029914526 
9 26 -33.53767154249207 
9 27 -32.69294725485471 
9 28 -31.379269544092182 
9 29 -29.5269837832809 
9 30 -27.070519024432702 
9 31 -23.948922076226236 
9 32 -20.11840900740273 
9 33 -15.577610672534838 
9 34 -10.40077172013974 
9 35 -4.75732197346417 
9 36 1.1342039574995755 
9 37 7.1273143160097945 
9 38 13.102610862394851 
9 39 18.53850904328675 
9 40 22.53402532609571 
9 41 24.77677389241001 
9 42 25.861263828494817 
9 43 26.244388022348694 
9 44 26.726593972692392 
9 45 27.431910000660377 
9 46 28.172316461407167 
9 47 28.848856770330663 
9 48 29.438184589679732 
9 49 29.94116629215976 
10 0 31.09933887060304 
10 1 30.75562958354527 
10 2 30.319199192630464 
10 3 29.788644741157228 
10 4 29.190226317044754 
10 5 28.587069041855692 
10 6 28.063375515171554 
10 7 27.676352628031836 
10 8 27.398235653851724 
10 9 26.901600560468477 
10 10 26.01097561002296 
10 11 25.36816164062634 
10 12 24.967645214421886 
10 13 24.24608226944248 
10 14 22.88898945045935 
10 15 19.31719942695714 
10 16 11.985000269744312 
10 17 1.1650931004662837 
10 18 -10.114632386097306 
10 19 -19.372736835718204 
10 20 -41.20776568319173 
10 21 -42.85275185944077 
10 22 -43.57568861233318 
10 23 -34.57547732764752 
10 24 -34.7293896773669 
10 25 -34.37978747581633 
10 26 -33.70370744026343 
10 27 -32.74395783141585 
10 28 -31.424535007184833 
10 29 -29.628352124994557 
10 30 -27.242193350484957 
10 31 -24.1663393274374 
10 32 -20.323720181531932 
10 33 -15.683210783450825 
10 34 -10.30146046075681 
10 35 -4.357245397341253 
10 36 1.9074015628507726 
10 37 8.359282173873645 
10 38 14.868336950772557 
10 39 20.65664122183816 
10 40 24.535327963071524 
10 41 26.29420321893153 
10 42 26.343750467130686 
10 43 26.110404815624403 
10 44 26.326650636351022 
10 45 26.985964665069577 
10 46 27.774708548716212 
10 47 28.515945930675212 
10 48 29.16521515933086 
10 49 29.720289343265627 
11 0 31.236553365142253 
11 1 30.92452186786753 
11 2 30.528660099422755 
11 3 30.049679752981678 
11 4 29.52007784489908 
11 5 29.014851945310937 
11 6 28.630051664777934 
11 7 28.200575144042933 
11 8 27.355701121615756 
11 9 26.402316944468883 
11 10 25.442784007147477 
11 11 24.801189308640144 
11 12 24.893765712357034 
11 13 25.082598020020956 
11 14 23.691275837050142 
11 15 20.433763973515788 
11 16 14.018197465646702 
11 17 3.9578799956392734 
11 18 -7.836451699651545 
11 19 -18.338722889906325 
11 20 -39.73514308733706 
11 21 -41.844188783541576 
11 22 -42.60274247515884 
11 23 -43.39833978825696 
11 24 -44.55834961603833 
11 25 -45.57970036940545 
11 26 -45.91683979882132 
11 27 -45.5692133760025 
11 28 -44.76100502268694 
11 29 -43.54607101538979 
11 30 -41.80713643218691 
11 31 -39.4015048083774 
11 32 -36.23113632477512 
11 33 -32.24373299710818 
11 34 -9.887907347961423 
11 35 -3.4631526656650844 
11 36 3.296280987949164 
11 37 10.147006141455039 
11 38 16.828585424834948 
11 39 22.451341637417773 
11 40 25.48885978173676 
11 41 26.54753773158429 
11 42 26.34891536567774 
11 43 25.839061394505705 
11 44 25.890114677119882 
11 45 26.537062963812595 
11 46 27.380451914923018 
11 47 28.186323449826315 
11 48 28.89470611599222 
11 49 29.501162116432717 
12 0 31.249206733107876 
12 1 31.010965605081584 
12 2 30.71112358658894 
12 3 30.33836468055605 
12 4 29.880571845121153 
12 5 29.325048123859567 
12 6 28.658783210276074 
12 7 27.869003511462104 
12 8 26.94656056927721 
12 9 25.907993683469467 
12 10 24.885068645119734 
12 11 24.280295015409635 
12 12 24.576382145706578 
12 13 25.406248485629153 
12 14 25.063063749269805 
12 15 22.391376185812035 
12 16 17.423929908540487 
12 17 8.715251731180082 
12 18 -3.643911422664548 
12 19 31.110372170967015 
12 20 -37.91937846811267 
12 21 -41.04507599244361 
12 22 -42.1062408512149 
12 23 -42.74462167698201 
12 24 -43.50166719640246 
12 25 -44.15764777360013 
12 26 -44.35086856302061 
12 27 -44.07035584744002 
12 28 -43.480423663679325 
12 29 -42.53189646601216 
12 30 -40.94741058454749 
12 31 -38.49863460177008 
12 32 -35.123905920827426 
12 33 -30.80958951181019 
12 34 -9.3438012009203 
12 35 -2.2117823482531795 
12 36 5.215387032330147 
12 37 12.394509865086977 
12 38 18.476271871461265 
12 39 22.17144687492395 
12 40 24.940987139342326 
12 41 26.03123465987291 
12 42 25.810794223955135 
12 43 25.286337566361432 
12 44 25.37056123042642 
12 45 26.082431004614538 
12 46 26.996064092843746 
12 47 27.86674472022095 
12 48 28.63237233306128 
12 49 29.28845377427591 
13 0 31.192605246212416 
13 1 30.936498897332218 
13 2 30.61415006985263 
13 3 30.213307942999105 
13 4 29.72075616649407 
13 5 29.122476075907258 
13 6 28.40383391442535 
13 7 27.55009401781232 
13 8 26.550388720903342 
13 9 25.42412890013815 
13 10 24.32772491579239 
13 11 23.741610833037285 
13 12 24.244153867811168 
13 13 25.355204443572532 
13 14 25.48958003328303 
13 15 23.641034542007276 
13 16 19.856084468968106 
13 17 12.762467407551386 
13 18 0.5262762135028135 
13 19 30.646611660322474 
13 20 -35.922835161283686 
13 21 -40.071593462044454 
13 22 -41.34866039945571 
13 23 -41.705474681893676 
13 24 -41.96697949143883 
13 25 -42.22516992785582 
13 26 -42.298041853538365 
13 27 -42.16985101542742 
13 28 -41.965734117907836 
13 29 -41.53888590336793 
13 30 -40.33751083573637 
13 31 -37.90805143423911 
13 32 -34.25656251382123 
13 33 -29.459117550239117 
13 34 -8.694251323291384 
13 35 -0.42478016796719126 
13 36 8.039049057219584 
13 37 15.096115124604214 
13 38 18.41905893220985 
13 39 21.69650795511751 
13 40 24.145220526678255 
13 41 25.13017505318087 
13 42 24.94187651192217 
13 43 24.560072282511687 
13 44 24.809369169884327 
13 45 25.637908766945987 
13 46 26.630728585370584 
13 47 27.56438242304896 
13 48 28.384136179428147 
13 49 29.087015342349034 
14 0 31.140427004131542 
14 1 30.8678347667023 
14 2 30.52467943865649 
14 3 30.09779640385757 
14 4 29.572858886369666 
14 5 28.93446039026371 
14 6 28.166190464002938 
14 7 27.251039195201137 
14 8 26.175537395794898 
14 9 24.958131511440282 
14 10 23.765256716883076 
14 11 23.125593103835154 
14 12 23.718589502321862 
14 13 25.067061829651312 
14 14 25.38175252026613 
14 15 24.102404526722026 
14 16 21.147494015211635 
14 17 15.180115754385165 
14 18 28.586318275003336 
14 19 30.45622847270298 
14 20 -34.037560470305046 
14 21 -38.68620903081807 
14 22 -39.63220349635745 
14 23 -39.29203993028479 
14 24 -38.87892871906373 
14 25 -38.75695581862647 
14 26 -38.8626781295002 
14 27 -39.10662838479083 
14 28 -39.496825191649236 
14 29 -39.84644723062525 
14 30 -39.38434005443143 
14 31 -37.26285336272661 
14 32 -33.44926082735197 
14 33 -28.03488445226288 
14 34 -7.582570873900033 
14 35 2.657988286613539 
14 36 12.615736864613114 
14 37 17.884496061715367 
14 38 20.774987078604166 
14 39 22.778171306987378 
14 40 24.110004730887525 
14 41 24.52892896624092 
14 42 24.18129687835459 
14 43 23.885240736362416 
14 44 24.287032329496455 
14 45 25.22737480024678 
14 46 26.294630743542967 
14 47 27.286452464986613 
14 48 28.15590552935735 
14 49 28.90170106479625 
15 0 31.09403850395834 
15 1 30.80676554486843 
15 2 30.445037568033417 
15 3 29.994817887760703 
15 4 29.44068260890351 
15 5 28.765801012858443 
15 6 27.951871012585773 
15 7 26.97936746095626 
15 8 25.831686712492548 
15 9 24.524674898075503 
15 10 23.229022309211047 
15 11 22.505815578399552 
15 12 23.124574545697122 
15 13 24.69446559018705 
15 14 25.36039745575643 
15 15 24.428453265229404 
15 16 22.265163155374143 
15 17 16.989924627710586 
15 18 28.876515280640554 
15 19 30.584871013439358 
15 20 -32.10589861888329 
15 21 -36.78462464295835 
15 22 -36.91652331325181 
15 23 -35.74583950676359 
15 24 -34.812968284510106 
15 25 -34.48714646045845 
15 26 -31.263867774972365 
15 27 -35.36217692697778 
15 28 -31.890070917120717 
15 29 -30.576955205244705 
15 30 -37.65480781670436 
15 31 -36.08453573041027 
15 32 -32.38677562204106 
15 33 -31.1788952775777 
15 34 31.64901412396622 
15 35 7.346786697108803 
15 36 18.177318635083115 
15 37 22.810680134347315 
15 38 24.90576306846333 
15 39 25.48762110987214 
15 40 25.295038081757763 
15 41 24.64953968025345 
15 42 23.795121817479348 
15 43 23.388174837624373 
15 44 23.84904929778414 
15 45 24.867013299507185 
15 46 25.996608854331907 
15 47 27.03977608498159 
15 48 27.953341419585914 
15 49 28.73718100277798 
16 0 31.05471256142776 
16 1 30.754964159360885 
16 2 30.37740350436068 
16 3 29.90718890133876 
16 4 29.327846220717916 
16 5 28.62113013852207 
16 6 27.766799233707417 
16 7 26.7427261203513 
16 8 25.52951412952722 
16 9 24.144478214760174 
16 10 22.78214553576163 
16 11 22.0780821170525 
16 12 22.882671114620205 
16 13 24.767220579010665 
16 14 25.80824273555808 
16 15 25.265985649322353 
16 16 23.69654166820575 
16 17 19.155668186119446 
16 18 29.47217369859833 
16 19 30.867405020483297 
16 20 -29.868863886193687 
16 21 -34.604333080037456 
16 22 -34.14425153495889 
16 23 -32.70158262443136 
16 24 -31.762876872097277 
16 25 -31.42892658270594 
16 26 -31.60867574876013 
16 27 -30.77279271391653 
16 28 -33.269035999904595 
16 29 -30.478986048965147 
16 30 -35.2263679415377 
16 31 -34.171384775943174 
16 32 -30.951273508003595 
16 33 -30.433022942350355 
16 34 31.357691180346812 
16 35 30.624352704450942 
16 36 22.277698027768903 
16 37 26.165465156298755 
16 38 27.644601117572225 
16 39 27.835974634144165 
16 40 26.88226552486007 
16 41 25.265212151346173 
16 42 23.728732701699624 
16 43 23.05717548531158 
16 44 23.498481817274186 
16 45 24.56396414596385 
16 46 25.74375309907882 
16 47 26.83052205420927 
16 48 27.781640058776766 
16 49 28.597755129546762 
17 0 31.023571666814387 
17 1 30.713910361967695 
17 2 30.32371451278088 
17 3 29.837433762295174 
17 4 29.237632548604303 
17 5 28.50472169999939 
17 6 27.616563821637087 
17 7 26.548507783833674 
17 8 25.27927543285083 
17 9 23.834514169757345 
17 10 22.462770530572733 
17 11 21.936372409171003 
17 12 23.164635509438007 
17 13 25.45512181242361 
17 14 26.749889013053796 
17 15 26.45488364624811 
17 16 25.126369434532158 
17 17 21.30931559608131 
17 18 30.105231630819738 
17 19 31.17079994503414 
17 20 -30.45605675497196 
17 21 -32.63235111546226 
17 22 -32.06207967935899 
17 23 -29.791271063617422 
17 24 -30.158570757510645 
17 25 -29.487462536470737 
17 26 -29.937620440280444 
17 27 -29.631524781837964 
17 28 -31.03691319863363 
17 29 -32.02479148313125 
17 30 -32.57196318327391 
17 31 -31.863855825032957 
17 32 -29.475595139083925 
17 33 -29.791269879028025 
17 34 31.138240677090913 
17 35 30.196523484963116 
17 36 24.08850768088183 
17 37 27.23642213788834 
17 38 28.50485747279972 
17 39 28.89718812622459 
17 40 27.95289785544318 
17 41 25.86684979489275 
17 42 23.777109775868887 
17 43 22.827485338691968 
17 44 23.224118633737454 
17 45 24.321937823263642 
17 46 25.54194073858297 
17 47 26.66404781030369 
17 48 27.64533360547809 
17 49 28.487178043557645 
18 0 31.00153545258173 
18 1 30.68482151023624 
18 2 30.285575273152524 
18 3 29.787665565812436 
18 4 29.17283177449248 
18 5 28.4202837107545 
18 6 27.506136857004357 
18 7 26.403407233458648 
18 8 25.08948255210185 
18 9 23.600557374351556 
18 10 22.244462890460884 
18 11 21.92745118351237 
18 12 23.574776004965987 
18 13 26.196118001334387 
18 14 27.657203446096645 
18 15 27.52802764636156 
18 16 26.28193255854069 
18 17 22.606055439369374 
18 18 30.71580261149615 
18 19 31.45758588048907 
18 20 -30.899292856242635 
18 21 -31.034810887468886 
18 22 -30.579976301289076 
18 23 -29.76894287347038 
18 24 -29.31159741875224 
18 25 -29.099746586122844 
18 26 -28.859369917106772 
18 27 -28.8489224559523 
18 28 -28.80295274071605 
18 29 -30.225267544649448 
18 30 -30.407084944299893 
18 31 -29.960040385339596 
18 32 -28.488520155146173 
18 33 -29.580561599427803 
18 34 31.103652069402774 
18 35 30.14318996083528 
18 36 24.21643770210638 
18 37 27.41953396624917 
18 38 28.716763364962745 
18 39 29.234716043115622 
18 40 28.402397841753373 
18 41 26.173089064864772 
18 42 23.77148912578524 
18 43 22.6399609385573 
18 44 23.01553751106374 
18 45 24.14389737212841 
18 46 25.395999343547146 
18 47 26.544730390865762 
18 48 27.54811122643296 
18 49 28.40850254545265 
19 0 30.989275564988418 
19 1 30.668592171524068 
19 2 30.26417671990497 
19 3 29.75947603526665 
19 4 29.135589653435137 
19 5 28.370745281228512 
19 6 27.439570932499677 
19 7 26.313020326278334 
19 8 24.966907728164422 
19 9 23.442934458046928 
19 10 22.080103544569962 
19 11 21.848911928258154 
19 12 23.688059512987305 
19 13 26.511504481907387 
19 14 28.1700166817824 
19 15 28.23100945872071 
19 16 26.962738232861902 
19 17 22.954861401164692 
19 18 31.229564491359906 
19 19 31.689698023199604 
19 20 -31.323014627541372 
19 21 -29.75755969518778 
19 22 -29.564944600502066 
19 23 -29.10791658540554 
19 24 -28.786054132494648 
19 25 -28.520772216517486 
19 26 -28.402131765605844 
19 27 -28.285060802314856 
19 28 -28.064635139752788 
19 29 -29.110602588950016 
19 30 -29.06833301355362 
19 31 -28.876454444625978 
19 32 -28.08370611385527 
19 33 -29.776879037634814 
19 34 31.216152706921868 
19 35 30.37440158398497 
19 36 23.369348489191555 
19 37 27.304535283098772 
19 38 28.788049579810203 
19 39 29.299262816412345 
19 40 28.457089602077858 
19 41 26.16883312101357 
19 42 23.6442275299783 
19 43 22.464963513420823 
19 44 22.868953621420516 
19 45 24.032953289247416 
19 46 25.30965270447587 
19 47 26.475805162966914 
19 48 27.492668380440033 
19 49 28.36394960783765 
20 0 30.987181033148556 
20 1 30.66574678290176 
20 2 30.26023042534534 
20 3 29.753842689394578 
20 4 29.12727292649772 
20 5 28.358056914197334 
20 6 27.419701162678766 
20 7 26.281467623727284 
20 8 24.917024915831544 
20 9 23.365867206446925 
20 10 21.962527526836414 
20 11 21.673596364087476 
20 12 23.493330073105827 
20 13 26.447237656390293 
20 14 28.343888987113196 
20 15 28.60716692084018 
20 16 27.32160977836862 
20 17 22.860769111506812 
20 18 31.554681465553326 
20 19 31.831136092485124 
20 20 -31.597834144850673 
20 21 -28.935483260583617 
20 22 -28.759897221677317 
20 23 -28.65273337722481 
20 24 -28.381720996286088 
20 25 -28.145579613398706 
20 26 -27.898601513662918 
20 27 -27.71677590345015 
20 28 -27.3113590572893 
20 29 -28.3225230535097 
20 30 -28.318812137533016 
20 31 -28.37128652332338 
20 32 -27.96480134364249 
20 33 -30.10642612174957 
20 34 31.35633215590343 
20 35 30.662669649163114 
20 36 22.209549950400636 
20 37 27.083221572190084 
20 38 28.80668060034546 
20 39 29.260234141128397 
20 40 28.31733150583306 
20 41 25.960768412880306 
20 42 23.426467426655403 
20 43 22.314040007848405 
20 44 22.790704275854633 
20 45 23.99277721090256 
20 46 25.285421143229875 
20 47 26.459233476928123 
20 48 27.48059189876158 
20 49 28.352941333571245 
21 0 30.99533676447661 
21 1 30.67640919011133 
21 2 30.273924285817905 
21 3 29.771062320757906 
21 4 29.14836638897683 
21 5 28.383027623142095 
21 6 27.44788717165961 
21 7 26.311019394164006 
21 8 24.94368072508637 
21 9 23.377623537226306 
21 10 21.92037086683755 
21 11 21.499750104694947 
21 12 23.200468114125567 
21 13 26.261362064648193 
21 14 28.399488656241743 
21 15 28.848457255626645 
21 16 27.628414361118548 
21 17 22.94608407713133 
21 18 31.70637874093274 
21 19 31.89496461434173 
21 20 -31.726535729535687 
21 21 -28.563004427984183 
21 22 -28.602247613599896 
21 23 -28.45639233434805 
21 24 -28.162986683812683 
21 25 -27.857055427105273 
21 26 -27.407069413740015 
21 27 -26.97700327255264 
21 28 -26.430837304461555 
21 29 -26.43913871292473 
21 30 -27.929195688186756 
21 31 -28.150154075882813 
21 32 -27.927483102395016 
21 33 -30.362341140671766 
21 34 31.44994771996594 
21 35 30.864414150445388 
21 36 21.597706139159577 
21 37 27.057890894018097 
21 38 28.907920374527887 
21 39 29.26998220860931 
21 40 28.18040861376806 
21 41 25.721159737473602 
21 42 23.216281782797964 
21 43 22.22529752266386 
21 44 22.791594348837364 
21 45 24.0261654945018 
21 46 25.324317072496637 
21 47 26.495593698125887 
21 48 27.508770102573692 
21 49 28.37310587917134 
22 0 31.013517043020215 
22 1 30.700292012179894 
22 2 30.30490434030176 
22 3 29.810718969202412 
22 4 29.198415732698688 
22 5 28.445223228839662 
22 6 27.523836327507738 
22 7 26.401806676898108 
22 8 25.048562307380102 
22 9 23.487601853915844 
22 10 21.9959538251146 
22 11 21.453609904227513 
22 12 23.01885259270788 
22 13 26.1418814096552 
22 14 28.46272840038368 
22 15 29.051086642100802 
22 16 27.938287340377354 
22 17 23.269099238462537 
22 18 31.767969744864807 
22 19 31.919967582990758 
22 20 -31.781151519781275 
22 21 -28.497921515497953 
22 22 -28.473314672453622 
22 23 -28.318590807822183 
22 24 -27.979681950644924 
22 25 -27.49997456880183 
22 26 -26.685677749262158 
22 27 -25.926017859274307 
22 28 -25.10447596092817 
22 29 -25.519700988965926 
22 30 -26.578395528879195 
22 31 -28.075568806401584 
22 32 -27.928468718482765 
22 33 -30.516700010310455 
22 34 31.498092617156566 
22 35 30.97680757507862 
22 36 21.58112513365127 
22 37 27.244710101320514 
22 38 29.10425545217718 
22 39 29.379426101210818 
22 40 28.167860327302108 
22 41 25.611437702514348 
22 42 23.130113429813154 
22 43 22.24466198056943 
22 44 22.88192275314931 
22 45 24.134033090282472 
22 46 25.425659763544108 
22 47 26.58154654093553 
22 48 27.572834886839946 
22 49 28.425991097538482 
23 0 30.997885964250216 
23 1 30.70240838130061 
23 2 30.352285743138186 
23 3 29.871692129737873 
23 4 29.27602693028604 
23 5 28.542945375372728 
23 6 27.645538428334223 
23 7 26.551619215652924 
23 8 25.230220077812167 
23 9 23.700768666924322 
23 10 22.22126450985978 
23 11 21.627451788607306 
23 12 23.07598663646791 
23 13 26.144828901235883 
23 14 28.516425259226125 
23 15 29.176307276478166 
23 16 28.137319630446104 
23 17 23.52431437437411 
23 18 31.80461942604946 
23 19 31.934070134473565 
23 20 -31.817680115033728 
23 21 -28.637859912204764 
23 22 -28.328847088441773 
23 23 -28.155986179120944 
23 24 -27.675862908980484 
23 25 -26.835841732931947 
23 26 -25.433746115320677 
23 27 -24.42269640569904 
23 28 -23.56305456346638 
23 29 -24.302600994384953 
23 30 -26.257027519374283 
23 31 -28.094907283132493 
23 32 -27.977324754291658 
23 33 -30.629428333124288 
23 34 31.530099121432563 
23 35 31.051923891279483 
23 36 21.575832228200294 
23 37 27.349675728040435 
23 38 29.224593786959158 
23 39 29.47222582502978 
23 40 28.255811399348676 
23 41 25.730780247263205 
23 42 23.286327734055334 
23 43 22.427550406631156 
23 44 23.07409512231875 
23 45 24.316154179526862 
23 46 25.58719298626008 
23 47 26.704971045972545 
23 48 27.67573385969079 
23 49 28.509749784138986 
24 0 30.856827379003004 
24 1 30.505757201646336 
24 2 30.28307412707243 
24 3 29.952207046087647 
24 4 29.378926836177946 
24 5 28.673301545642598 
24 6 27.80933600672914 
24 7 26.755882343422087 
24 8 25.48313642955724 
24 9 24.011133888280813 
24 10 22.589946183382068 
24 11 22.005837003473584 
24 12 23.319060642863693 
24 13 26.167649797298274 
24 14 28.453902938515146 
24 15 29.133237332379554 
24 16 28.09069361487554 
24 17 23.455673312934962 
24 18 31.847291052499962 
24 19 31.949378431265103 
24 20 -31.860772314874755 
24 21 -28.85565129540567 
24 22 -28.17101655748946 
24 23 -27.907201626744246 
24 24 -27.102765461879844 
24 25 -25.40506110324962 
24 26 -23.91949863838751 
24 27 -22.74390999827281 
24 28 -23.10357095774779 
24 29 -24.609619242385033 
24 30 -26.666291631039464 
24 31 -28.31375737348154 
24 32 -28.128792828634946 
24 33 -30.733221632604813 
24 34 31.559648582714487 
24 35 31.11559754787655 
24 36 21.32433284234192 
24 37 27.2269232574827 
24 38 29.180705246786875 
24 39 29.473101812005137 
24 40 28.39160377913611 
24 41 26.078034482469086 
24 42 23.711257111220252 
24 43 22.78890563338943 
24 44 23.369354093791788 
24 45 24.56910757543195 
24 46 25.80495274677106 
24 47 26.87650143051381 
24 48 27.820168945656597 
24 49 28.629496316140663 
25 0 30.691964454737594 
25 1 30.232610226682638 
25 2 30.019728394129636 
25 3 30.01721546394623 
25 4 29.50408192893459 
25 5 28.832363641215476 
25 6 28.01013913043559 
25 7 27.007977411697258 
25 8 25.79852438440123 
25 9 24.40572481391036 
25 10 23.07761939872841 
25 11 22.53966928589653 
25 12 23.680712069967043 
25 13 26.154745035219634 
25 14 28.22301527937083 
25 15 28.859644435153534 
25 16 27.717640499115046 
25 17 22.947941390802814 
25 18 31.90038427735124 
25 19 31.967470070679123 
25 20 -31.911404243491017 
25 21 -29.057379959705063 
25 22 -28.201489318230603 
25 23 -27.756262297071274 
25 24 -26.199834831410293 
25 25 -23.474025361576956 
25 26 -22.135949679146766 
25 27 -20.979630062343116 
25 28 -21.798164236972084 
25 29 -25.08927366922898 
25 30 -27.702358043734108 
25 31 -28.846329611064213 
25 32 -28.495301344323586 
25 33 -30.799301396475716 
25 34 31.576422767641976 
25 35 31.150617166585494 
25 36 21.049532152112228 
25 37 27.016792439196145 
25 38 29.042660799881368 
25 39 29.39675405142273 
25 40 28.47250073545395 
25 41 26.40977567406191 
25 42 24.176742597966243 
25 43 23.221476441419195 
25 44 23.735375415043524 
25 45 24.882608991706423 
25 46 26.073006056589886 
25 47 27.10434175242273 
25 48 27.996843264933652 
25 49 28.768379851295116 
26 0 30.596012414922804 
26 1 29.95304552736389 
26 2 29.682786374917573 
26 3 29.81077204132407 
26 4 29.647864392993384 
26 5 29.015398791775223 
26 6 28.241753955168363 
26 7 27.29976306793559 
26 8 26.165655301040236 
26 9 24.870613384384963 
26 10 23.668653318666163 
26 11 23.227573953189 
26 12 24.226249714238623 
26 13 26.259967616205113 
26 14 27.96830259678828 
26 15 28.446736017394628 
26 16 27.12292554681325 
26 17 22.16936598483472 
26 18 31.949722552512455 
26 19 31.983762361498638 
26 20 -31.956173261124842 
26 21 -29.293798787034415 
26 22 -28.546460131074447 
26 23 -27.980506326508124 
26 24 -25.828339593967133 
26 25 -23.064576140346063 
26 26 -20.09195323912427 
26 27 -19.126503940686945 
26 28 -20.352443059601818 
26 29 -26.137702417758195 
26 30 -28.81905394114345 
26 31 -29.24821202701896 
26 32 -28.996895813564247 
26 33 -30.778354921208948 
26 34 31.562805966244277 
26 35 31.126220535457083 
26 36 21.03246945157944 
26 37 26.875488330850683 
26 38 28.865620935754546 
26 39 29.196559581877708 
26 40 28.28241448609287 
26 41 26.349398106032123 
26 42 24.346389929808154 
26 43 23.565079421429658 
26 44 24.124327889915545 
26 45 25.242675818024114 
26 46 26.340409327487272 
26 47 27.26702899571953 
26 48 28.101063113899208 
26 49 28.83657143337492 
27 0 30.668369815734145 
27 1 29.77744485897443 
27 2 29.36408226006651 
27 3 29.57681663395138 
27 4 29.806248849844636 
27 5 29.217145921981682 
27 6 28.49727690658536 
27 7 27.62212107850185 
27 8 26.572364949448207 
27 9 25.389414745314337 
27 10 24.342113527469895 
27 11 24.0541207434978 
27 12 24.992429746388705 
27 13 26.632510252668105 
27 14 27.912972357961227 
27 15 28.12832776567724 
27 16 26.58548708510173 
27 17 21.476892057094364 
27 18 31.9813095630727 
27 19 31.99400662978849 
27 20 -31.983931446188375 
27 21 -29.601139743314572 
27 22 -29.935758885027855 
27 23 -29.552782366769367 
27 24 -28.082445124581294 
27 25 -26.55175764856053 
27 26 -15.405038479508642 
27 27 -12.431484463234188 
27 28 -15.73724105533921 
27 29 -27.289416952097383 
27 30 -29.527286769952372 
27 31 -29.683730317362194 
27 32 -29.488193981413524 
27 33 -30.632080480616715 
27 34 31.504930703212626 
27 35 31.018758474696455 
27 36 21.177393809080183 
27 37 26.708316013944753 
27 38 28.564184804301025 
27 39 28.75026678855772 
27 40 27.642440990043706 
27 41 25.72871442447293 
27 42 24.127048719291462 
27 43 23.78261347609771 
27 44 24.520592283166952 
27 45 25.639721428091253 
27 46 26.49263630034715 
27 47 27.293240467770474 
27 48 28.045411487923673 
27 49 28.74701003816267 
28 0 30.987653680204687 
28 1 29.86194233461092 
28 2 29.270188793712922 
28 3 29.514341145997996 
28 4 29.975020253580958 
28 5 29.43210713391214 
28 6 28.769506674414448 
28 7 27.965486631816994 
28 8 27.005127074357006 
28 9 25.93863273222418 
28 10 25.045242053248643 
28 11 24.90687698620544 
28 12 25.81896917961112 
28 13 27.160578250655927 
28 14 28.077271444937683 
28 15 28.045672008503473 
28 16 26.34872901282581 
28 17 21.225497093819104 
28 18 31.995033284234527 
28 19 31.998414230022988 
28 20 -31.99576778815427 
28 21 -29.916388669793132 
28 22 -30.263653669269114 
28 23 -29.867761655881633 
28 24 -28.869440608618504 
28 25 -28.666609311065024 
28 26 -10.76754547638062 
28 27 -2.705254177093922 
28 28 -9.089319604745825 
28 29 -26.69153470313538 
28 30 -30.193422248787954 
28 31 -30.12110594628379 
28 32 -29.832582453749087 
28 33 -30.347660362338377 
28 34 31.39543592457833 
28 35 30.817095965697707 
28 36 21.298005922942966 
28 37 26.393840662707778 
28 38 28.08549724214979 
28 39 28.068423717677238 
28 40 26.681436032592902 
28 41 24.831315604755368 
28 42 23.798709417224973 
28 43 24.00229740557542 
28 44 24.94993377165056 
28 45 25.845427427701892 
28 46 26.401974026000026 
28 47 26.99664952651959 
28 48 27.62686800096671 
28 49 28.304342290018823 
29 0 31.348082289914768 
29 1 30.35332377945802 
29 2 29.651610757289337 
29 3 29.893663370289897 
29 4 30.149974144376927 
29 5 29.65482445963762 
29 6 29.051332385124514 
29 7 28.320384968413887 
29 8 27.449661259074954 
29 9 26.48769596115091 
29 10 25.692259160658978 
29 11 25.5824909058799 
29 12 26.3853497775914 
29 13 27.516642880707654 
29 14 28.252199922998287 
29 15 28.151598141476722 
29 16 26.521632772019668 
29 17 21.354506147874627 
29 18 31.999073645681957 
29 19 31.99970501706818 
29 20 -31.999215081869842 
29 21 -30.173162920723712 
29 22 -30.614092438706766 
29 23 -30.29596708982261 
29 24 -29.748856816533348 
29 25 -29.053979892572507 
29 26 -0.11477821993450797 
29 27 10.38027102513403 
29 28 2.2441858450210748 
29 29 -27.098562470599198 
29 30 -30.73899520290487 
29 31 -30.530801848697084 
29 32 -30.066743961319606 
29 33 -29.96140404832602 
29 34 31.23257180223177 
29 35 30.521420597481974 
29 36 21.5229574876408 
29 37 26.09271540354853 
29 38 27.63665741779678 
29 39 27.4948891246811 
29 40 25.96480868311728 
29 41 24.291284969094217 
29 42 23.770147533998614 
29 43 24.371838745190868 
29 44 25.43878942597476 
29 45 25.708486302890776 
29 46 25.850727690916997 
29 47 26.110146186930336 
29 48 26.553202034224594 
29 49 27.225627622349094 
30 0 31.410270016356183 
30 1 31.1884011327582 
30 2 30.52475731298323 
30 3 30.69174880568489 
30 4 30.32709406093435 
30 5 29.880119317601253 
30 6 29.336073786426095 
30 7 28.67809871377453 
30 8 27.893796075654745 
30 9 27.01526278369913 
30 10 26.233612409186268 
30 11 25.967883288261685 
30 12 26.49895484387735 
30 13 27.481079457565947 
30 14 28.278335154169877 
30 15 28.375979460769656 
30 16 27.097608045515656 
30 17 22.04332709281644 
30 18 31.999880124729614 
30 19 31.99996189074374 
30 20 -31.999898791190567 
30 21 -30.359266253990516 
30 22 -30.959608670213186 
30 23 -30.765265175651358 
30 24 -30.38406796228112 
30 25 -28.839648265566527 
30 26 7.034068340122854 
30 27 16.891540641469646 
30 28 8.75898588451214 
30 29 -28.703986054694617 
30 30 -31.142808161748693 
30 31 -30.804616858818296 
30 32 -30.080032229456254 
30 33 -29.465608848131982 
30 34 30.968096457846364 
30 35 30.050664790422164 
30 36 22.03161355781596 
30 37 25.99897633975283 
30 38 27.482601831638803 
30 39 27.435591508167104 
30 40 25.99085201613749 
30 41 24.473855573477508 
30 42 24.180371621992347 
30 43 24.915666378920765 
30 44 25.702642075086327 
30 45 25.093409291240572 
30 46 24.607758195889957 
30 47 24.351474832250226 
30 48 24.514116510777168 
30 49 25.20789598054878 
31 0 31.471996376317563 
31 1 31.304327365314276 
31 2 31.09281160369537 
31 3 30.828843834704177 
31 4 30.502696163521573 
31 5 30.103280141357324 
31 6 29.61773739663547 
31 7 29.03118786651488 
31 8 28.329955333761994 
31 9 27.523870996502513 
31 10 26.71882161326479 
31 11 26.2094416622594 
31 12 26.37238462299395 
31 13 27.24484982595286 
31 14 28.287426996498013 
31 15 28.750815416517955 
31 16 27.9494490339375 
31 17 23.53459329461447 
31 18 31.999989315758782 
31 19 31.99999660692684 
31 20 -31.99999099992874 
31 21 -30.489468554175662 
31 22 -31.253097429174794 
31 23 -31.165242360426472 
31 24 -30.772330703574024 
31 25 -28.852459865925727 
31 26 7.974471668169177 
31 27 17.592249813797867 
31 28 12.649043150696482 
31 29 -28.888024208995255 
31 30 -31.44016689465717 
31 31 -31.08332412337175 
31 32 -29.890973721772955 
31 33 -28.641160955564292 
31 34 30.453469050810963 
31 35 29.164840101719808 
31 36 22.568771586562672 
31 37 25.83512154258722 
31 38 27.408816888200956 
31 39 27.732202955052465 
31 40 26.560653884641855 
31 41 25.133576601168034 
31 42 24.852201036922796 
31 43 25.556765200251004 
31 44 25.328935555162044 
31 45 23.892326409899646 
31 46 22.543105996579776 
31 47 21.564079450565814 
31 48 21.33558863056725 
31 49 22.077315411780184 
32 0 31.532116747267946 
32 1 31.3835363536776 
32 2 31.19612312310916 
32 3 30.96229780107198 
32 4 30.673536632134184 
32 5 30.320192750944248 
32 6 29.891158053781393 
32 7 29.373445583327 
32 8 28.753017892465568 
32 9 28.02410819720762 
32 10 27.22898699397574 
32 11 26.55606804370253 
32 12 26.428604876161053 
32 13 27.213859727443186 
32 14 28.4759351513563 
32 15 29.22177140332433 
32 16 28.781467376569452 
32 17 25.307098538384636 
32 18 31.99999934714493 
32 19 31.999999792802797 
32 20 -31.99999945083956 
32 21 -31.99999991930583 
32 22 -31.474038552568 
32 23 -31.456590589764946 
32 24 -31.16840675458944 
32 25 -30.922151229262763 
32 26 -26.909144091440616 
32 27 -26.78069159480158 
32 28 -27.970741758889794 
32 29 -31.320311066458157 
32 30 -31.64957474680159 
32 31 -31.476529862433683 
32 32 -29.589358311367032 
32 33 -27.331797713743047 
32 34 29.636818936409355 
32 35 27.841864236515686 
32 36 22.670194858912108 
32 37 25.208610793526244 
32 38 26.977460349106696 
32 39 27.8743533709103 
32 40 27.14604059348665 
32 41 25.86905155226645 
32 42 25.580678109800616 
32 43 26.220424519203483 
32 44 24.586662946864486 
32 45 22.165661038420495 
32 46 19.75659509026127 
32 47 17.875370988116064 
32 48 17.15484678742184 
32 49 17.960588113517797 
33 0 29.733236196721858 
33 1 29.981376223155394 
33 2 29.909706998234167 
33 3 30.4962336368846 
33 4 30.836882049011024 
33 5 30.52741785357329 
33 6 30.152058627932558 
33 7 29.69966540007676 
33 8 29.157259277083337 
33 9 28.51314831898095 
33 10 27.778470749888097 
33 11 27.07217273567769 
33 12 26.78263819502788 
33 13 27.410475255737445 
33 14 28.657476052608963 
33 15 29.47369979305396 
33 16 29.192260421400245 
33 17 26.734433891031557 
33 18 31.999999972729185 
33 19 31.999999991348545 
33 20 -31.999999977081114 
33 21 -31.999999996633797 
33 22 -31.614291648575698 
33 23 -31.663103070778337 
33 24 -31.513502685142857 
33 25 -31.65307394314677 
33 26 -31.71742658180333 
33 27 -31.735448054939976 
33 28 -31.75323755419668 
33 29 -31.77704481792413 
33 30 -31.779133006545706 
33 31 -31.298149923972144 
33 32 -29.222637194304067 
33 33 -26.0996136863059 
33 34 28.87694720467133 
33 35 15.613379376905288 
33 36 22.366531648395693 
33 37 24.400629443228308 
33 38 26.31841938810249 
33 39 27.718912597249933 
33 40 27.490911810606377 
33 41 26.501773690418453 
33 42 26.285358330991635 
33 43 26.687625473761358 
33 44 23.643472532309644 
33 45 20.182943845753872 
33 46 16.62758816492921 
33 47 13.757181558286138 
33 48 12.488433262176947 
33 49 13.354165625468758 
34 0 26.797124019999107 
34 1 26.73001772007449 
34 2 26.766723352344904 
34 3 27.670257658454005 
34 4 28.95429927258496 
34 5 29.743171632613976 
34 6 30.39707232318033 
34 7 30.00567766511387 
34 8 29.536822447713842 
34 9 28.978329418009633 
34 10 28.328720685486157 
34 11 27.656417866889168 
34 12 27.24251072635691 
34 13 27.542364377047587 
34 14 28.47254054393876 
34 15 29.162727636710567 
34 16 28.861832845251282 
34 17 26.703257594381018 
34 18 31.999999999222663 
34 19 31.99999999975346 
34 20 -31.999999999347075 
34 21 -30.865656465151623 
34 22 -31.699349235954642 
34 23 -31.801275720364764 
34 24 -31.757403859288434 
34 25 -31.733673006821626 
34 26 -31.697368903674487 
34 27 -31.622445873265956 
34 28 -31.537904420223157 
34 29 -31.582675600036907 
34 30 -31.43695379953558 
34 31 -30.83736720293876 
34 32 -28.91048021239819 
34 33 -21.9408046195189 
34 34 28.72118466785175 
34 35 15.084103790207923 
34 36 21.980704445317723 
34 37 23.947942314298313 
34 38 25.932710612818788 
34 39 27.53518934229165 
34 40 27.678295435399072 
34 41 27.049401096157908 
34 42 26.962417821583724 
34 43 26.518807065564253 
34 44 22.782371678550742 
34 45 18.35694280826441 
34 46 13.719489572654453 
34 47 9.90426741224127 
34 48 8.097974232404319 
34 49 8.995486639867467 
35 0 23.300939252794404 
35 1 22.374444992925987 
35 2 22.432560638609466 
35 3 23.713527860215933 
35 4 25.911377039789738 
35 5 27.78443681188066 
35 6 29.253410673101587 
35 7 30.28845609985952 
35 8 29.887373890765033 
35 9 29.409532115143637 
35 10 28.847665671203337 
35 11 28.22931507913898 
35 12 27.702956894099398 
35 13 27.566532966594046 
35 14 27.904164843202768 
35 15 28.198787596239317 
35 16 27.69153381325067 
35 17 25.528441829444247 
35 18 31.999999999984897 
35 19 31.99999999999521 
35 20 -31.999999999987317 
35 21 -31.99999999999814 
35 22 -31.738371579551224 
35 23 -31.87129070645963 
35 24 -31.880719772560045 
35 25 -31.859160051406917 
35 26 -31.820141598560816 
35 27 -31.75435142397462 
35 28 -31.655974832644677 
35 29 -31.535434608532235 
35 30 -31.308934859647714 
35 31 -30.63642649666035 
35 32 -28.55793995772235 
35 33 -22.546052810627383 
35 34 -10.151879356809934 
35 35 13.57612482939066 
35 36 21.30030158812598 
35 37 23.950575329740982 
35 38 26.010133817332875 
35 39 27.564043156669737 
35 40 27.887458011512404 
35 41 27.56916214112675 
35 42 27.6093176163805 
35 43 26.5630092174153 
35 44 22.301939286997513 
35 45 17.099804712377917 
35 46 11.576728749429513 
35 47 6.976623965546432 
35 48 4.702011375308865 
35 49 5.580180838301787 
36 0 18.98778622955552 
36 1 17.601100802484925 
36 2 17.600052833137998 
36 3 19.271357203050883 
36 4 22.238616665351977 
36 5 25.61161458479732 
36 6 28.029174715681744 
36 7 29.97064956160582 
36 8 30.20641463920708 
36 9 29.802100042006987 
36 10 29.323650427040363 
36 11 28.772928123248374 
36 12 28.198759860921932 
36 13 27.72613111965661 
36 14 27.43925653174881 
36 15 27.132833151510546 
36 16 26.30417531397055 
36 17 24.31388140415256 
36 18 19.857621138775045 
36 19 -15.195536087223282 
36 20 -31.999999999999833 
36 21 -31.999999999999975 
36 22 -31.78287751480365 
36 23 -31.89192257756703 
36 24 -31.92708547902876 
36 25 -31.931626617411887 
36 26 -31.929622724273987 
36 27 -31.924790626729326 
36 28 -31.91693577033125 
36 29 -31.77808053773505 
36 30 -31.08200773051816 
36 31 -29.156965337355537 
36 32 -25.651795281648486 
36 33 -20.08750462453628 
36 34 -11.366579552671045 
36 35 13.553657579787474 
36 36 21.350452544687712 
36 37 24.210507701608766 
36 38 26.328261587039634 
36 39 27.723501732428087 
36 40 28.103813592701563 
36 41 28.029707604127978 
36 42 28.197638776477824 
36 43 27.006102786922124 
36 44 22.432307456574858 
36 45 16.697812012126366 
36 46 10.547046450628388 
36 47 5.37292645936358 
36 48 2.7205123689159976 
36 49 3.508030247323689 
37 0 8.13202799043615 
37 1 10.304270558605346 
37 2 12.830398247911631 
37 3 15.166176053758223 
37 4 19.304659160264833 
37 5 23.73955834760258 
37 6 27.207639046162857 
37 7 29.511438146396053 
37 8 30.492835240790406 
37 9 30.154419409678166 
37 10 29.75316052030588 
37 11 29.280983949644053 
37 12 28.740492790513017 
37 13 28.155868854054724 
37 14 27.547103577211537 
37 15 26.845240365949152 
37 16 25.840691677350943 
37 17 24.187784965531918 
37 18 5.430289393402253 
37 19 -15.516350160910843 
37 20 -32.0 
37 21 -32.0 
37 22 -32.15780455759591 
37 23 -31.973124224329702 
37 24 -31.974423189316788 
37 25 -32.00166854678587 
37 26 -32.11057865429394 
37 27 -32.4970800225673 
37 28 -33.12898555439885 
37 29 -32.891107808331526 
37 30 -21.987096812831194 
37 31 -12.30840306898327 
37 32 -1.620725969273859 
37 33 7.161705506175836 
37 34 13.598362696954661 
37 35 19.131494674267806 
37 36 22.336823218388776 
37 37 24.609393487028743 
37 38 26.554390357489194 
37 39 27.765740906411263 
37 40 28.224687238401874 
37 41 28.40291009970175 
37 42 28.122993954658526 
37 43 26.99708519970471 
37 44 23.321876170439975 
37 45 17.28461465046541 
37 46 0.7656904891398454 
37 47 5.18461498587113 
37 48 2.223847930643946 
37 49 2.8314740687323794 
38 0 -4.951906236184288 
38 1 -4.206848311579975 
38 2 -2.189440289873465 
38 3 2.594995358658498 
38 4 18.406983840527204 
38 5 25.853504902831617 
38 6 28.06329265015467 
38 7 29.53646227523298 
38 8 30.746567512892995 
38 9 30.466351253722472 
38 10 30.13449358044005 
38 11 29.741783662646178 
38 12 29.278784730032523 
38 13 28.737816314796138 
38 14 28.108469671626928 
38 15 27.359231508013774 
38 16 26.414556112306457 
38 17 25.096570602307025 
38 18 22.733796268777226 
38 19 -18.611322946799728 
38 20 -33.13078930424824 
38 21 -35.7404075315137 
38 22 -33.6514514345892 
38 23 -32.569393462088684 
38 24 -32.35132108454722 
38 25 -32.53727722620242 
38 26 -33.47491133286766 
38 27 -35.9027197987846 
38 28 -38.31472403645309 
38 29 -36.3700434291673 
38 30 -13.545331931517985 
38 31 -2.3277940878727676 
38 32 4.634809541066753 
38 33 11.115550008370844 
38 34 16.714312870577764 
38 35 21.311127830037087 
38 36 23.48049108457973 
38 37 25.231722779370124 
38 38 26.753147230147242 
38 39 27.787040345627013 
38 40 28.368244218338386 
38 41 28.77250916991061 
38 42 28.823826689681205 
38 43 26.889573291290244 
38 44 25.064061113768172 
38 45 18.893452357490542 
38 46 -14.01298788328807 
38 47 -11.004110183533594 
38 48 -8.01193965871695 
38 49 -6.4093800777431955 
39 0 -19.00619991193267 
39 1 -19.89178969555034 
39 2 -18.434249328482586 
39 3 -11.645303699147915 
39 4 17.847715938582425 
39 5 30.158088149529753 
39 6 31.3254412476923 
39 7 30.529508215057938 
39 8 30.968396575950692 
39 9 30.738845686359888 
39 10 30.46772069514752 
39 11 30.147414973662737 
39 12 29.76841089463751 
39 13 29.319195331852395 
39 14 28.785429388005785 
39 15 28.14655430794712 
39 16 27.365895452909204 
39 17 26.338503073142885 
39 18 20.68265080185983 
39 19 -24.497712543269937 
39 20 -37.76287606790418 
39 21 -40.56997638372067 
39 22 -37.60691436401421 
39 23 -35.21443209930376 
39 24 -34.678716660102666 
39 25 -35.895768465472095 
39 26 -39.71104095616667 
39 27 -45.670943984239024 
39 28 -48.357160160123115 
39 29 -41.89982859595 
39 30 -7.632378433058956 
39 31 1.5472868993622373 
39 32 7.776748960477611 
39 33 13.534905719100234 
39 34 18.39807419276928 
39 35 22.28001120923255 
39 36 24.891513409783464 
39 37 26.14415426312861 
39 38 27.246108446982657 
39 39 28.098958803525072 
39 40 28.72054961612412 
39 41 29.216459805502527 
39 42 29.659372081185275 
39 43 27.63798431999934 
39 44 24.15630538131467 
39 45 20.930701078774792 
39 46 -26.359450887901435 
39 47 -26.641820526804114 
39 48 -26.105395232342595 
39 49 -25.467718787853666 
40 0 -33.06704480236127 
40 1 -35.62866338308436 
40 2 -35.01500521869442 
40 3 -27.292976729468894 
40 4 14.63261071082335 
40 5 31.561064757998167 
40 6 31.45010025417436 
40 7 31.185829878202817 
40 8 31.15981058814708 
40 9 30.973760617305043 
40 10 30.754732161297923 
40 11 30.496997453161477 
40 12 30.193211234011606 
40 13 29.834100559466133 
40 14 29.40815865444857 
40 15 28.900732670786443 
40 16 28.289081252552517 
40 17 27.510862014951513 
40 18 26.303263513550203 
40 19 -32.435247715744204 
40 20 -45.47389720809143 
40 21 -48.77352341946292 
40 22 -45.8257337431359 
40 23 -42.74549252836989 
40 24 -42.4802885136845 
40 25 -45.82143640394617 
40 26 -52.66897521557397 
40 27 -59.490420890808146 
40 28 -59.44994524568566 
40 29 -48.22482294275035 
40 30 -7.388663789277652 
40 31 3.77038634010129 
40 32 9.839621444924727 
40 33 15.329323509328308 
40 34 19.777738126601914 
40 35 23.152122595145194 
40 36 25.732655686102397 
40 37 27.203817112356194 
40 38 28.013486963288614 
40 39 28.69108082695251 
40 40 29.243663609813048 
40 41 29.70206045054665 
40 42 30.091164762223816 
40 43 28.55300561524501 
40 44 23.457206762792506 
40 45 18.04876150808106 
40 46 -36.298348918921285 
40 47 -38.96145650666777 
40 48 -40.101204154950445 
40 49 -40.06169061870778 
41 0 -46.29546932491863 
41 1 -50.467152040917135 
41 2 -50.95954388098142 
41 3 -43.45349383541638 
41 4 8.675060694655214 
41 5 31.64584090226258 
41 6 31.5563949944664 
41 7 30.265996956055474 
41 8 28.372352516627505 
41 9 30.301545189923534 
41 10 30.99861574088287 
41 11 30.793610803325294 
41 12 30.553353939293938 
41 13 30.271181868611414 
41 14 29.938869986448342 
41 15 29.54629155613039 
41 16 29.07922700820536 
41 17 28.504867379385146 
41 18 27.605019771732756 
41 19 -40.881771495629245 
41 20 -56.79414338089147 
41 21 -61.50935776025399 
41 22 -59.38143768387343 
41 23 -56.45376976955929 
41 24 -56.51528520548535 
41 25 -60.631262830494684 
41 26 -67.30764667026615 
41 27 -71.96894185668451 
41 28 -68.86325633366162 
41 29 -54.76051291032078 
41 30 -7.656213831444579 
41 31 3.731458368118518 
41 32 10.56016956074839 
41 33 15.964630083130151 
41 34 20.23700253189937 
41 35 23.365772376830144 
41 36 25.71260611329886 
41 37 27.799732822223337 
41 38 28.82176792721665 
41 39 29.34454826259587 
41 40 29.786633345599903 
41 41 30.15861058052448 
41 42 30.471670617495363 
41 43 28.009117881752932 
41 44 21.483576323784444 
41 45 14.394570418920972 
41 46 -45.312584857535285 
41 47 -49.34357617168954 
41 48 -51.23950289115087 
41 49 -51.237008307415365 
42 0 -58.21725126475237 
42 1 -63.90052083749364 
42 2 -65.5290373561541 
42 3 -58.00937511719541 
42 4 4.042326102841552 
42 5 31.717223416335894 
42 6 31.6458759749736 
42 7 29.987017229402106 
42 8 26.273989380031953 
42 9 27.840731802097924 
42 10 29.649891826880413 
42 11 30.910382840361184 
42 12 30.853999189048622 
42 13 30.63505172419417 
42 14 30.379443074507115 
42 15 30.08051654996883 
42 16 29.72982401488827 
42 17 29.31219817594528 
42 18 28.780420820535088 
42 19 -49.0230303285735 
42 20 -70.79684565282983 
42 21 -77.22558105382753 
42 22 -75.6191964611762 
42 23 -72.47332477029703 
42 24 -71.5760051791487 
42 25 -74.15471488823727 
42 26 -78.67498022878073 
42 27 -81.05448992579137 
42 28 -76.35000697924886 
42 29 -61.50132962609587 
42 30 -8.463431784910094 
42 31 1.8537046532654926 
42 32 9.039336831232657 
42 33 14.603193857144685 
42 34 19.05927965073044 
42 35 22.306621105162517 
42 36 24.67042400174272 
42 37 26.689634548689643 
42 38 28.7910793489587 
42 39 29.926147278053886 
42 40 30.263774954204695 
42 41 30.55049636171633 
42 42 29.608551445005734 
42 43 23.941517971609706 
42 44 16.19940192744756 
42 45 7.990509545302668 
42 46 -55.42994086591439 
42 47 -59.81883670550651 
42 48 -61.51912591276493 
42 49 -60.851156030419645 
43 0 -68.6224982067178 
43 1 -75.72057801415536 
43 2 -78.4954862757078 
43 3 -70.90062373009721 
43 4 -0.4306087887520879 
43 5 31.776573481896012 
43 6 31.72025589681074 
43 7 31.65309897808211 
43 8 27.68714384289667 
43 9 27.18814538085399 
43 10 28.2610692218496 
43 11 29.211045855880524 
43 12 29.842520793363096 
43 13 30.933547162604334 
43 14 30.739262897112148 
43 15 30.51454920225212 
43 16 30.25459665372355 
43 17 29.952839643606197 
43 18 23.250025762007613 
43 19 -64.46137588529332 
43 20 -86.96875104315326 
43 21 -92.19003607611327 
43 22 -89.34427405202112 
43 23 -84.751480194838 
43 24 -82.03595000083459 
43 25 -82.7154783795001 
43 26 -85.64964916553635 
43 27 -87.15943889946874 
43 28 -82.57262892187586 
43 29 -68.79127378458931 
43 30 -10.602405956588205 
43 31 -2.190731530024111 
43 32 4.787463366685059 
43 33 10.784051131115223 
43 34 15.841606521118164 
43 35 19.611840145921352 
43 36 22.22757104322658 
43 37 24.12360634223593 
43 38 25.704500317302774 
43 39 26.98108090976798 
43 40 27.384529935558373 
43 41 25.943167830413277 
43 42 21.820208852636434 
43 43 14.939803329658952 
43 44 6.285223356859636 
43 45 -2.381902102966978 
43 46 -67.94136314240286 
43 47 -71.72816932318763 
43 48 -72.34877171024992 
43 49 -70.30759275563383 
44 0 -77.27803511110272 
44 1 -85.62455252734111 
44 2 -89.50266710532925 
44 3 -82.16019653677937 
44 4 -5.998193653223217 
44 5 30.960377562100433 
44 6 31.781316574413808 
44 7 31.728907228896286 
44 8 28.892736476914447 
44 9 25.82265773969139 
44 10 26.966917604347216 
44 11 28.13681059953969 
44 12 28.509481640754373 
44 13 31.175124499844358 
44 14 31.028975383065127 
44 15 30.00760923096056 
44 16 23.698900622962192 
44 17 16.709375515336408 
44 18 -4.263825222741008 
44 19 -87.19442462970889 
44 20 -101.97079709396695 
44 21 -102.68947617604317 
44 22 -97.13437474016474 
44 23 -90.49426840956865 
44 24 -86.20911836852156 
44 25 -85.8723748824228 
44 26 -88.48249534985126 
44 27 -90.53787874286745 
44 28 -87.52996974299451 
44 29 -76.33365692854686 
44 30 -14.144825474247087 
44 31 -8.036201246936065 
44 32 -1.6192557566130865 
44 33 4.914007814830827 
44 34 10.854722280978041 
44 35 15.454026471150344 
44 36 18.492198365222254 
44 37 20.17506255987301 
44 38 20.774376831815335 
44 39 20.179301007330434 
44 40 18.95397611466017 
44 41 15.442531757827183 
44 42 9.529829804035682 
44 43 1.4388395987323848 
44 44 -7.686221409004367 
44 45 -16.073897588873653 
44 46 -82.3572002620055 
44 47 -84.75288938769812 
44 48 -83.65334288233367 
44 49 -79.76209838191932 
45 0 -83.75081741919034 
45 1 -93.03238700769333 
45 2 -97.95593164072416 
45 3 -92.06297264323474 
45 4 -15.443120394226481 
45 5 16.296570827692392 
45 6 30.728314867757476 
45 7 27.264607190565393 
45 8 20.60933055716176 
45 9 19.469427200087562 
45 10 22.976569753206057 
45 11 25.65856497111587 
45 12 26.89498896106186 
45 13 28.64145367610148 
45 14 22.336535836977085 
45 15 16.739917461448393 
45 16 1.1967110816850572 
45 17 -15.469043938469934 
45 18 -34.39821616584272 
45 19 -104.84702951856741 
45 20 -110.25375763053579 
45 21 -106.16911317942717 
45 22 -97.87093591208738 
45 23 -89.59797257235996 
45 24 -84.49448754998856 
45 25 -83.96383554981189 
45 26 -87.01403640825762 
45 27 -90.38395185726743 
45 28 -89.85236681476077 
45 29 -82.30367330065485 
45 30 -23.363342609310244 
45 31 -14.006901633686669 
45 32 -8.432658004723498 
45 33 -1.5869041289769885 
45 34 5.1848198785914015 
45 35 10.656570199311922 
45 36 14.149756439016008 
45 37 14.145519258939501 
45 38 13.09861374646849 
45 39 11.275429864565888 
45 40 8.086702041460834 
45 41 2.9249417627603465 
45 42 -4.842339052833178 
45 43 -13.874238301703317 
45 44 -22.913617664715886 
45 45 -30.340826245953295 
45 46 -96.2739307446335 
45 47 -96.8582716795001 
45 48 -93.85295413409558 
45 49 -88.10486097364758 
46 0 -87.51741879089587 
46 1 -97.27676271963902 
46 2 -103.2210316484259 
46 3 -100.96296392108162 
46 4 -86.21869533131607 
46 5 -67.06020792897371 
46 6 -56.43873191688938 
46 7 -53.02609111288511 
46 8 -50.29821748756046 
46 9 -44.78726817811397 
46 10 -38.09195245852282 
46 11 -34.68205620996568 
46 12 -36.095453482348866 
46 13 -40.834830901517044 
46 14 -48.57710445024877 
46 15 -62.061956899763366 
46 16 -20.36673110860343 
46 17 -37.964821565962616 
46 18 -50.65300556061772 
46 19 -110.44117279197128 
46 20 -109.5125901117221 
46 21 -102.05854317949883 
46 22 -92.04783201102566 
46 23 -83.14720702971555 
46 24 -78.00540438986563 
46 25 -77.66906588273775 
46 26 -81.19426514640723 
46 27 -85.77253385612228 
46 28 -87.7060514720067 
46 29 -92.13285484056797 
46 30 -90.37465977951886 
46 31 -84.26827466461 
46 32 -76.06986930214572 
46 33 -68.15811043185859 
46 34 -61.98125214803255 
46 35 -57.90487986128681 
46 36 -55.724367907242744 
46 37 -55.235711691997835 
46 38 -56.480351541869574 
46 39 -59.65917598127748 
46 40 -64.91061138348029 
46 41 -72.10976992755421 
46 42 -80.72913208205895 
46 43 -89.78596063897379 
46 44 -97.95008404351904 
46 45 -103.84310814377534 
46 46 -106.42556768091774 
46 47 -105.29151475268326 
46 48 -100.7496260207467 
46 49 -93.68779495048706 
47 0 -88.24562369844314 
47 1 -97.9451372467942 
47 2 -104.47461287787317 
47 3 -105.65981798983414 
47 4 -100.0039508704246 
47 5 -90.55906308038135 
47 6 -81.6573526532323 
47 7 -73.02026352883837 
47 8 -63.88157861933571 
47 9 -54.66125883764543 
47 10 -46.861875875415954 
47 11 -42.68223065208564 
47 12 -43.4223794917561 
47 13 -49.244437291765955 
47 14 -59.79251827300065 
47 15 -74.36665611086967 
47 16 -90.18955867105063 
47 17 -102.57549921415153 
47 18 -108.36940251465619 
47 19 -105.01755774297192 
47 20 -100.83111493259634 
47 21 -91.85523471544931 
47 22 -81.6046729661166 
47 23 -73.18272434405895 
47 24 -68.5892015627809 
47 25 -68.4615686544531 
47 26 -71.97424340590948 
47 27 -76.9434114428752 
47 28 -80.41800509200932 
47 29 -88.71017082436128 
47 30 -90.65918784720148 
47 31 -88.30076320601157 
47 32 -82.86402767875718 
47 33 -76.13373046730088 
47 34 -69.64883313666874 
47 35 -64.39849581327945 
47 36 -60.957978253435286 
47 37 -59.73095414626734 
47 38 -61.03878190136515 
47 39 -65.02033037602324 
47 40 -71.47533445092421 
47 41 -79.78584116095016 
47 42 -88.95227088825392 
47 43 -97.72987982968428 
47 44 -104.84869022671015 
47 45 -109.26773396511605 
47 46 -110.37680827784858 
47 47 -108.08546022900761 
47 48 -102.80485213317755 
47 49 -95.35053981281405 
48 0 -85.98955316053556 
48 1 -95.13034911679858 
48 2 -101.54934566002133 
48 3 -104.0140891772594 
48 4 -101.95164364367596 
48 5 -96.0910909251715 
48 6 -87.78888571300993 
48 7 -77.9555510447676 
48 8 -67.60788429104086 
48 9 -57.9710803447665 
48 10 -50.35930809800367 
48 11 -46.15191260489129 
48 12 -46.496316870226416 
48 13 -51.94826836737413 
48 14 -62.04344264915401 
48 15 -74.97874876214676 
48 16 -87.64169735990613 
48 17 -96.50875372318474 
48 18 -99.2160576903594 
48 19 -92.29374376035737 
48 20 -87.07434822934317 
48 21 -78.3534971549386 
48 22 -69.20932171405632 
48 23 -62.098270487466095 
48 24 -58.37308268337536 
48 25 -58.30843149897165 
48 26 -61.22507692442987 
48 27 -65.58640384119832 
48 28 -69.27482366989717 
48 29 -79.82281904977653 
48 30 -83.9792486825953 
48 31 -84.40579777268776 
48 32 -81.51512421065313 
48 33 -76.50443246167137 
48 34 -70.80197288917016 
48 35 -65.67897636336319 
48 36 -62.12230563090174 
48 37 -60.85555123673577 
48 38 -62.33678505478501 
48 39 -66.6607475871323 
48 40 -73.44661929706022 
48 41 -81.83196796620932 
48 42 -90.61386925449665 
48 43 -98.49958523915477 
48 44 -104.38552210554228 
48 45 -107.55938373479502 
48 46 -107.75530849831915 
48 47 -105.0910366309182 
48 48 -99.98275188757408 
48 49 -93.08740591522563 
49 0 -81.18821829561006 
49 1 -89.39792792420282 
49 2 -95.24784113103838 
49 3 -97.7867878604839 
49 4 -96.59724227146356 
49 5 -91.93039186463729 
49 6 -84.56868611234381 
49 7 -75.56288657977544 
49 8 -66.08550059237041 
49 9 -57.32065941037375 
49 10 -50.412048942126084 
49 11 -46.44358233297607 
49 12 -46.31831838250855 
49 13 -50.454572498879 
49 14 -58.35405139524796 
49 15 -68.3234243576105 
49 16 -77.70534728997023 
49 17 -83.736723957948 
49 18 -84.6671924162222 
49 19 -76.21642912958919 
49 20 -71.5609274638217 
49 21 -64.37907806272113 
49 22 -57.16854345085647 
49 23 -51.76415994880156 
49 24 -49.00273926824492 
49 25 -48.90042350993567 
49 26 -50.908380714483634 
49 27 -54.02292936543953 
49 28 -56.87614132024286 
49 29 -68.04050740700137 
49 30 -72.78868310042414 
49 31 -74.75022336148155 
49 32 -73.82880394639939 
49 33 -70.71005168597578 
49 34 -66.53629785788176 
49 35 -62.533912854305434 
49 36 -59.76012175484741 
49 37 -58.999385989802455 
49 38 -60.71333504133384 
49 39 -64.96049459155424 
49 40 -71.32188205754264 
49 41 -78.9278969353738 
49 42 -86.63019011748116 
49 43 -93.27875498207632 
49 44 -97.99820043364414 
49 45 -100.3372929000485 
49 46 -100.23734787044815 
49 47 -97.89450015924305 
49 48 -93.6505425018826 
49 49 -87.96877495449475 
